epoch,train_r2,validation_r2,train_rmse,validation_rmse,time,lr,band_1,band_2,band_3,band_4,band_5,band_6,band_7,band_8,band_9,band_10,band_11,band_12,band_13,band_14,band_15,band_16,band_17,band_18,band_19,band_20,band_21,band_22,band_23,band_24,band_25
0,0,0,153.03935742767283,152.37126995024357,0.15,0.001,164,324,483,643,804,962,1122,1283,1441,1603,1763,1920,2080,2242,2400,2559,2721,2879,3041,3200,3359,3520,3678,3838,3998
1,0,0,135.10302058753166,134.37585028800748,0.16,0.001,164,324,483,643,804,961,1121,1284,1440,1604,1763,1919,2079,2242,2399,2558,2722,2878,3041,3201,3358,3520,3678,3838,3998
2,0,0,118.53923318752952,117.72266136984841,0.18,0.001,164,325,482,643,805,961,1120,1285,1439,1605,1764,1918,2078,2242,2399,2558,2722,2877,3042,3202,3358,3521,3677,3837,3998
3,0,0,103.54221002959373,102.62631317673845,0.2,0.001,165,325,482,644,806,960,1119,1285,1439,1606,1764,1918,2077,2242,2399,2557,2722,2876,3042,3202,3357,3521,3677,3837,3997
4,0,0,91.4957254380635,90.49564313148589,0.22,0.001,165,325,482,644,806,959,1119,1286,1438,1606,1765,1917,2076,2242,2399,2556,2723,2876,3042,3203,3357,3521,3677,3837,3997
5,0,0,84.2624104129104,83.21093126525655,0.24,0.001,165,325,481,645,807,959,1118,1287,1437,1607,1766,1916,2076,2242,2400,2555,2723,2875,3042,3204,3356,3522,3676,3837,3997
6,0,0,82.43224312749987,81.37971916519649,0.26,0.001,165,326,481,645,807,958,1118,1288,1437,1608,1766,1915,2075,2242,2400,2555,2723,2874,3042,3205,3356,3522,3676,3836,3997
7,0,0,85.01726616914355,84.01043636339922,0.28,0.001,165,326,481,646,808,958,1117,1288,1436,1608,1767,1914,2074,2242,2400,2554,2723,2874,3042,3205,3355,3522,3676,3836,3997
8,0,0,89.06114856430806,88.09428210197584,0.29,0.001,165,326,481,646,809,957,1117,1289,1436,1609,1768,1914,2074,2242,2401,2553,2723,2874,3041,3205,3355,3522,3675,3836,3997
9,0,0,91.89817416065729,90.95361218946996,0.31,0.001,166,326,481,647,809,957,1117,1290,1436,1609,1768,1913,2074,2242,2401,2553,2723,2873,3041,3205,3354,3522,3675,3836,3996
10,0,0,92.86653519635047,91.92644180607122,0.33,0.001,166,326,480,647,810,957,1117,1290,1435,1609,1769,1913,2074,2242,2401,2552,2724,2872,3040,3205,3353,3522,3675,3836,3996
11,0,0,92.113206292244,91.15673208648663,0.35,0.001,166,326,480,647,810,957,1117,1290,1435,1609,1769,1913,2074,2242,2400,2552,2724,2872,3040,3204,3353,3522,3674,3836,3996
12,0,0,90.0873924655942,89.10009075121641,0.36,0.001,166,326,480,647,811,957,1117,1290,1435,1609,1769,1913,2074,2243,2400,2552,2724,2871,3039,3204,3352,3522,3674,3836,3996
13,0,0,87.43084599860195,86.40184776308317,0.38,0.001,166,326,480,648,811,957,1117,1290,1435,1610,1769,1913,2074,2243,2401,2552,2724,2870,3038,3203,3352,3522,3673,3836,3996
14,0,0,85.01850097368514,83.94797612398109,0.4,0.001,166,326,480,648,812,957,1118,1290,1435,1610,1769,1914,2074,2243,2401,2551,2724,2869,3037,3203,3351,3522,3673,3836,3995
15,0,0,83.12078819216947,82.0168588566933,0.42,0.001,167,326,480,648,813,957,1118,1290,1435,1610,1768,1914,2074,2243,2401,2551,2724,2869,3036,3202,3350,3522,3672,3836,3995
16,0,0,81.74863817673051,80.61475831268429,0.44,0.001,167,326,480,648,813,957,1118,1290,1435,1610,1768,1915,2074,2243,2401,2551,2725,2868,3036,3201,3350,3522,3672,3836,3995
17,0,0,80.91019990840925,79.74876321533144,0.45,0.001,167,326,480,648,814,958,1118,1289,1435,1610,1768,1915,2074,2243,2401,2551,2725,2867,3035,3201,3349,3522,3671,3836,3995
18,0,0,80.49945106082245,79.32104465398827,0.47,0.001,167,326,480,648,814,958,1119,1289,1435,1610,1767,1915,2074,2242,2401,2551,2725,2866,3034,3200,3349,3522,3671,3836,3995
19,0,0,80.36706560759202,79.17303908015342,0.49,0.001,167,326,480,648,815,958,1119,1289,1435,1611,1767,1916,2074,2242,2400,2551,2725,2866,3033,3200,3348,3522,3671,3836,3994
20,0,0,80.37311367829263,79.16641207470028,0.51,0.001,167,326,480,648,815,958,1120,1289,1434,1611,1767,1916,2074,2242,2400,2551,2725,2865,3033,3199,3347,3522,3670,3836,3994
21,0,0,80.39704936672116,79.18034695396327,0.52,0.001,167,326,480,648,816,958,1120,1289,1434,1611,1766,1916,2074,2242,2400,2550,2725,2865,3032,3199,3347,3522,3670,3836,3994
22,0,0,80.34955674757173,79.1207696588339,0.54,0.001,168,326,480,648,816,958,1120,1289,1434,1611,1766,1916,2074,2242,2400,2550,2725,2864,3031,3198,3346,3522,3669,3836,3994
23,0,0,80.1794008965208,78.93578345817726,0.56,0.001,168,326,480,648,817,958,1121,1289,1434,1611,1766,1916,2074,2242,2400,2550,2725,2864,3030,3198,3345,3522,3669,3836,3994
24,0,0,79.87480438160709,78.61631758499631,0.58,0.001,168,326,480,648,818,958,1121,1289,1435,1611,1765,1916,2074,2242,2400,2550,2725,2863,3030,3197,3345,3521,3669,3836,3994
25,0,0,79.45242287054562,78.17876587407702,0.6,0.001,168,326,480,648,818,957,1122,1290,1435,1611,1765,1916,2074,2242,2399,2550,2725,2863,3029,3197,3344,3521,3668,3836,3993
26,0,0,78.95055686749461,77.66113226604251,0.61,0.001,168,326,481,648,819,957,1123,1290,1435,1611,1764,1916,2075,2242,2399,2549,2725,2863,3028,3197,3344,3521,3668,3836,3993
27,0,0,78.41652794831425,77.10981984420823,0.63,0.001,168,326,481,648,819,957,1123,1290,1435,1612,1764,1915,2075,2242,2399,2549,2725,2863,3027,3196,3343,3521,3667,3836,3993
28,0,0,77.9008565872754,76.57627745934931,0.65,0.001,169,327,481,648,820,957,1124,1290,1435,1612,1764,1915,2075,2242,2399,2549,2725,2862,3027,3196,3342,3521,3667,3835,3993
29,0,0,77.45331255020666,76.11283769838042,0.67,0.001,169,327,481,648,820,956,1124,1291,1435,1612,1763,1915,2075,2242,2399,2549,2724,2862,3026,3196,3342,3520,3667,3835,3993
30,0,0,77.10096363697409,75.74493653146888,0.68,0.001,169,327,481,648,821,956,1125,1291,1435,1612,1763,1914,2075,2242,2399,2549,2724,2862,3025,3195,3341,3520,3666,3835,3992
31,0,0,76.80897825531206,75.43769417953467,0.7,0.001,169,327,481,648,822,955,1125,1291,1435,1612,1763,1914,2075,2242,2399,2548,2724,2862,3024,3195,3341,3520,3666,3835,3992
32,0,0,76.51238474607395,75.12549396676204,0.72,0.001,169,327,481,648,822,955,1126,1292,1435,1612,1763,1914,2075,2242,2400,2548,2724,2862,3024,3195,3340,3520,3665,3835,3992
33,0,0,76.15134498976364,74.74542079410283,0.74,0.001,169,327,481,648,823,954,1127,1292,1435,1612,1762,1914,2076,2242,2400,2548,2724,2862,3023,3194,3339,3520,3665,3835,3992
34,0.0047576416396487575,0.005778591457166082,75.69604101272404,74.26745441413924,0.75,0.001,170,327,481,648,823,954,1127,1292,1435,1612,1762,1914,2076,2242,2400,2548,2724,2861,3022,3194,3339,3519,3665,3835,3992
35,0.01891613159909422,0.020821373949640676,75.15568476918429,73.70347446652363,0.77,0.001,170,327,481,648,824,954,1128,1293,1435,1612,1762,1914,2076,2242,2400,2548,2724,2861,3022,3194,3338,3519,3664,3835,3991
36,0.03412572108500567,0.03705223047953565,74.57084574521232,73.0900624337023,0.79,0.001,170,327,481,649,824,953,1129,1293,1435,1612,1763,1914,2076,2242,2400,2548,2724,2861,3021,3193,3338,3519,3664,3835,3991
37,0.049332870191891365,0.05320875738236608,73.98147928599259,72.47431522399849,0.81,0.001,170,327,482,649,825,953,1129,1293,1435,1612,1763,1915,2077,2242,2401,2548,2724,2861,3020,3193,3337,3518,3663,3835,3991
38,0.06359044990126705,0.06837975889752046,73.42461655607232,71.89131608285524,0.83,0.001,170,327,482,649,825,952,1130,1294,1436,1612,1763,1915,2077,2242,2401,2548,2724,2861,3020,3193,3336,3518,3663,3835,3991
39,0.07616083139266816,0.08190503579581787,72.93012227039661,71.36754626688695,0.84,0.001,170,328,482,649,826,952,1131,1294,1436,1612,1763,1915,2077,2242,2401,2548,2724,2861,3019,3193,3336,3518,3662,3835,3991
40,0.08701009420071348,0.09358052681120355,72.50061960942126,70.91230279366198,0.86,0.001,171,328,482,649,826,951,1131,1294,1436,1612,1763,1915,2077,2242,2401,2548,2724,2860,3018,3192,3335,3517,3662,3835,3991
41,0.09676373335054744,0.10411510847212757,72.11231880502457,70.49902343073626,0.88,0.001,171,328,482,648,827,951,1132,1295,1436,1612,1763,1915,2078,2242,2402,2548,2724,2860,3018,3192,3334,3517,3662,3835,3990
42,0.10632849668624278,0.11442493972267354,71.72948585222817,70.09219653873747,0.9,0.001,171,328,482,648,827,950,1133,1295,1436,1612,1763,1916,2078,2243,2402,2548,2724,2860,3017,3192,3334,3516,3661,3834,3990
43,0.11623653614454876,0.125111532047964,71.33074851418391,69.6679975513327,0.92,0.001,171,328,483,648,828,950,1134,1295,1436,1612,1763,1916,2078,2243,2402,2549,2724,2860,3016,3191,3333,3516,3661,3834,3990
44,0.12634334503439282,0.13600116360152725,70.92170460157983,69.23306497011562,0.93,0.001,171,328,483,648,828,949,1134,1296,1436,1612,1764,1916,2079,2243,2402,2549,2723,2860,3016,3191,3332,3515,3660,3834,3990
45,0.1360560337391784,0.14645635872297824,70.52637610541534,68.81289736488357,0.95,0.001,171,328,483,648,829,949,1135,1296,1437,1613,1764,1916,2079,2243,2402,2549,2723,2860,3015,3191,3332,3515,3660,3834,3990
46,0.1449933825723535,0.15618430679201833,70.16063460686128,68.41964307560914,0.97,0.001,172,329,483,648,829,948,1136,1296,1437,1613,1764,1916,2079,2243,2402,2549,2723,2860,3014,3191,3331,3515,3659,3833,3989
47,0.15338563054852705,0.1652142287727918,69.81545847580963,68.05256685437185,0.99,0.001,172,329,483,648,829,948,1136,1297,1437,1613,1764,1916,2080,2243,2402,2549,2723,2860,3013,3190,3331,3514,3659,3833,3989
48,0.16170191126559608,0.17404078461820927,69.47171608602669,67.69183532976854,1.01,0.001,172,329,483,648,830,947,1137,1297,1437,1613,1765,1916,2080,2243,2403,2549,2723,2860,3013,3190,3330,3513,3659,3832,3989
49,0.1700423001853263,0.18287713359397217,69.12525429428813,67.32876500914189,1.02,0.001,172,329,483,647,830,947,1138,1298,1437,1613,1765,1916,2080,2243,2403,2550,2723,2860,3012,3190,3329,3513,3658,3832,3989
50,0.17811868203807246,0.19140172012266043,68.7881037873283,66.97664588309868,1.04,0.001,172,329,484,647,830,946,1138,1298,1438,1613,1765,1916,2081,2243,2403,2550,2723,2860,3011,3189,3329,3512,3658,3831,3989
51,0.18556534209839715,0.19927728637034592,68.47576698411271,66.64967882518265,1.06,0.001,172,330,484,647,831,946,1139,1298,1438,1614,1766,1916,2081,2243,2403,2550,2722,2860,3011,3189,3328,3512,3657,3831,3988
52,0.19237959329479504,0.20650542415181428,68.18870301413571,66.3481731332898,1.08,0.001,173,330,484,647,831,946,1140,1299,1438,1614,1766,1916,2081,2243,2403,2551,2722,2860,3010,3189,3328,3511,3657,3831,3988
53,0.1988550942144769,0.21341563528118768,67.91478461093726,66.05864168013902,1.1,0.001,173,330,484,647,831,945,1140,1299,1438,1614,1766,1916,2082,2243,2402,2551,2722,2860,3009,3188,3327,3511,3656,3830,3988
54,0.20531775894168947,0.2202971778879128,67.64029835044713,65.76904578000581,1.11,0.001,173,330,484,646,831,945,1141,1299,1438,1614,1767,1917,2082,2243,2402,2551,2722,2860,3009,3188,3327,3510,3656,3830,3988
55,0.21173050560394702,0.2270761194182409,67.36683551528712,65.48250899572344,1.13,0.001,173,330,484,646,831,944,1142,1300,1439,1614,1767,1917,2082,2243,2402,2552,2722,2860,3008,3188,3326,3510,3656,3829,3988
56,0.21783035963273256,0.23348912209586348,67.10567328265734,65.21029308490148,1.15,0.001,173,331,484,646,831,944,1143,1300,1439,1615,1768,1917,2083,2243,2402,2552,2722,2860,3007,3187,3325,3509,3655,3829,3987
57,0.22358607673490694,0.2395576991554783,66.85831056350624,64.95163840913676,1.17,0.001,174,331,484,645,832,943,1143,1301,1439,1615,1768,1917,2083,2243,2402,2552,2722,2860,3007,3187,3325,3508,3655,3828,3987
58,0.22931745818557014,0.24562889265751264,66.61108848664011,64.69184013217973,1.19,0.001,174,331,485,645,832,943,1144,1301,1439,1615,1768,1917,2083,2243,2402,2553,2721,2860,3006,3187,3324,3508,3654,3828,3987
59,0.2352216452274134,0.25190698335652273,66.35544379984961,64.4220853289072,1.2,0.001,174,331,485,645,832,942,1145,1302,1439,1615,1769,1917,2084,2243,2402,2553,2721,2860,3006,3186,3324,3507,3654,3827,3987
60,0.2411467849987876,0.2582643087819755,66.09789806723244,64.1477671876134,1.22,0.001,174,332,485,644,832,942,1146,1302,1440,1615,1769,1917,2084,2243,2402,2554,2721,2860,3005,3186,3323,3507,3653,3827,3987
61,0.2470231985450273,0.26458719470317227,65.84148073925358,63.873776896313245,1.24,0.001,174,332,485,644,832,941,1147,1302,1440,1616,1770,1917,2084,2243,2401,2554,2721,2860,3005,3186,3323,3506,3653,3826,3986
62,0.25311278314942387,0.2710580296600493,65.57469426039096,63.59214333044118,1.26,0.001,174,332,485,643,832,941,1147,1303,1440,1616,1770,1917,2084,2243,2401,2555,2721,2860,3004,3185,3322,3505,3652,3826,3986
63,0.25956388223929105,0.27785158200506876,65.29088682460784,63.295120007761064,1.28,0.001,175,333,485,643,832,940,1148,1303,1440,1616,1771,1917,2085,2243,2401,2555,2721,2860,3004,3185,3322,3505,3652,3825,3986
64,0.2661102670867649,0.28471672735495224,65.00161881998594,62.993539630316455,1.29,0.001,175,333,485,642,832,940,1149,1304,1440,1616,1772,1918,2085,2243,2401,2556,2721,2860,3003,3185,3322,3504,3652,3825,3986
65,0.27252747784826514,0.2915300001646828,64.71680721975359,62.692808069137804,1.31,0.001,175,333,485,642,831,939,1150,1304,1441,1617,1772,1918,2085,2243,2400,2557,2721,2860,3003,3184,3321,3503,3651,3824,3986
66,0.2790418243751416,0.29850768283795215,64.42639028864647,62.38331294805527,1.33,0.001,175,333,485,641,831,939,1151,1304,1441,1617,1773,1918,2086,2243,2400,2557,2721,2861,3002,3184,3321,3503,3651,3824,3985
67,0.2855646750013193,0.30546680707674645,64.13428143113089,62.07310654897679,1.35,0.001,175,334,485,641,831,938,1152,1305,1441,1617,1773,1918,2086,2243,2400,2558,2720,2861,3002,3183,3321,3502,3650,3823,3985
68,0.29169628646887147,0.3120835194198589,63.858474654161995,61.77671921613655,1.37,0.001,176,334,485,640,831,938,1152,1305,1441,1617,1774,1918,2086,2243,2399,2558,2720,2861,3001,3183,3320,3501,3650,3823,3985
69,0.29741139972841657,0.3182981168305239,63.600322141971105,61.49704245302167,1.38,0.001,176,334,485,640,831,938,1153,1306,1441,1618,1775,1919,2086,2243,2399,2559,2720,2861,3001,3182,3320,3501,3649,3822,3985
70,0.30312765974275213,0.32445265267486145,63.34106740742928,61.21880982003203,1.4,0.001,176,335,486,639,831,937,1154,1306,1441,1618,1775,1919,2086,2243,2399,2560,2720,2861,3000,3182,3320,3500,3649,3822,3985
71,0.30920355838048796,0.33089569349562586,63.064335020378195,60.92617282544711,1.42,0.001,176,335,486,639,830,937,1155,1307,1442,1618,1776,1919,2087,2243,2398,2561,2720,2861,3000,3181,3320,3499,3648,3821,3984
72,0.31565477500786665,0.3376901669868808,62.76917232320835,60.61604315278258,1.44,0.001,176,335,486,638,830,936,1156,1307,1442,1618,1777,1919,2087,2243,2398,2561,2720,2861,3000,3181,3319,3499,3648,3821,3984
73,0.3222991495090194,0.34470511746970656,62.46371016750946,60.294176296824055,1.46,0.001,177,336,486,637,830,936,1157,1308,1442,1618,1777,1920,2087,2242,2398,2562,2720,2861,2999,3180,3319,3498,3647,3821,3984
74,0.32901869290815944,0.3518320513143427,62.15326868792783,59.965403437106964,1.47,0.001,177,336,486,637,830,935,1158,1308,1442,1618,1778,1920,2087,2242,2397,2563,2719,2861,2998,3180,3319,3497,3647,3820,3984
75,0.3357255850531182,0.3589661571277636,61.84185704846779,59.63448439045671,1.49,0.001,177,336,486,636,829,935,1159,1309,1442,1618,1779,1920,2087,2242,2397,2564,2719,2862,2998,3179,3319,3496,3646,3820,3983
76,0.3422688713778217,0.3659709518545813,61.53652291398784,59.307766209936624,1.51,0.001,177,337,486,635,829,935,1160,1309,1442,1619,1779,1920,2087,2242,2397,2564,2719,2862,2997,3179,3319,3496,3646,3819,3983
77,0.3485954230594256,0.37265985377593136,61.239856861029445,58.99409274254182,1.53,0.001,177,337,486,635,829,934,1161,1310,1442,1619,1780,1920,2087,2242,2396,2565,2719,2862,2997,3178,3319,3495,3645,3819,3983
78,0.35476077409686313,0.3791405577371608,60.949359823468406,58.68858367276914,1.55,0.001,177,337,486,634,828,934,1162,1310,1442,1619,1781,1921,2087,2242,2396,2566,2718,2862,2996,3178,3320,3494,3645,3818,3983
79,0.36087576956015543,0.3855117555064115,60.6598603060026,58.386679940986966,1.56,0.001,178,338,486,633,828,934,1163,1311,1442,1619,1781,1921,2087,2242,2395,2567,2718,2862,2996,3177,3320,3493,3644,3818,3983
80,0.3670619129591395,0.3919534900239482,60.365579379544805,58.07983376219107,1.58,0.001,178,338,486,633,827,933,1164,1311,1443,1619,1782,1921,2087,2242,2395,2568,2718,2862,2996,3177,3320,3493,3644,3818,3982
81,0.3734972307592058,0.39857891235791987,60.05791475734068,57.7625438723865,1.6,0.001,178,339,486,632,827,933,1164,1312,1443,1619,1783,1921,2087,2242,2394,2569,2718,2862,2995,3176,3320,3492,3643,3817,3982
82,0.38003724087225754,0.40533446900485126,59.74362544447734,57.437215212841316,1.62,0.001,178,339,486,631,827,933,1165,1312,1443,1619,1783,1921,2087,2242,2394,2570,2718,2862,2995,3176,3320,3491,3643,3817,3982
83,0.38635759818337045,0.411838430559067,59.438309175617114,57.12225188274925,1.64,0.001,178,339,485,630,826,932,1166,1313,1443,1619,1784,1922,2087,2242,2393,2571,2717,2863,2995,3176,3321,3490,3642,3817,3982
84,0.3925610144818328,0.4182098874754049,59.13710978654816,56.81200795647761,1.65,0.001,179,340,485,629,826,932,1167,1313,1443,1620,1785,1922,2087,2242,2393,2572,2717,2863,2994,3175,3321,3489,3642,3816,3982
85,0.3988131921375063,0.424603635543349,58.83198443515334,56.49897157526409,1.67,0.001,179,340,485,629,825,932,1168,1314,1443,1620,1786,1922,2087,2242,2392,2573,2717,2863,2994,3175,3322,3488,3642,3816,3981
86,0.4050852648922001,0.43102685710167743,58.52428590778041,56.182733216876784,1.69,0.001,179,340,485,628,824,932,1168,1314,1443,1620,1786,1922,2087,2242,2392,2574,2717,2863,2994,3174,3322,3488,3641,3816,3981
87,0.41137884871072083,0.4375081594005984,58.213900009335184,55.86182031360954,1.71,0.001,179,341,485,627,824,932,1169,1315,1443,1620,1787,1923,2087,2242,2391,2575,2717,2863,2994,3174,3323,3487,3641,3815,3981
88,0.4176771897985029,0.44397221145785926,57.901614172906484,55.53991693410132,1.73,0.001,179,341,485,626,823,932,1170,1315,1443,1620,1788,1923,2087,2242,2391,2576,2716,2863,2994,3173,3323,3486,3640,3815,3981
89,0.42399683651621245,0.4503788773760651,57.58657078491152,55.21901970081278,1.74,0.001,180,342,485,625,823,932,1171,1315,1443,1620,1788,1923,2087,2241,2390,2577,2716,2863,2994,3173,3324,3485,3640,3815,3980
90,0.4303198799287813,0.45678803310951666,57.26962170568704,54.89611993916328,1.76,0.001,180,342,485,625,822,932,1172,1316,1443,1620,1789,1923,2086,2241,2390,2578,2716,2863,2994,3173,3325,3484,3639,3815,3980
91,0.43665720289253185,0.46321586920341895,56.95018639538198,54.57036115334267,1.78,0.001,180,342,485,624,822,932,1172,1317,1443,1620,1789,1924,2086,2241,2389,2579,2716,2863,2994,3172,3326,3484,3639,3814,3980
92,0.4429985286548763,0.46972197287360873,56.6287444436624,54.23864008366176,1.8,0.001,180,343,484,623,821,932,1173,1317,1443,1620,1790,1924,2086,2241,2389,2580,2716,2863,2994,3172,3326,3483,3638,3814,3980
93,0.44933726237531224,0.47622863005791494,56.305601859683996,53.90485278986369,1.82,0.001,180,343,484,622,820,932,1174,1317,1443,1620,1791,1924,2085,2241,2388,2581,2715,2864,2994,3172,3327,3482,3638,3814,3980
94,0.4556710181631666,0.4826656138901835,55.98085130551897,53.57259285379162,1.83,0.001,181,344,484,621,820,932,1175,1318,1443,1620,1791,1924,2085,2241,2388,2582,2715,2864,2994,3171,3328,3481,3638,3814,3979
95,0.46200173155233815,0.48905402427282807,55.654361545025154,53.24078833909909,1.85,0.001,181,344,484,620,819,932,1175,1318,1443,1620,1792,1924,2084,2241,2387,2583,2715,2864,2994,3171,3329,3480,3637,3814,3979
96,0.46832158767562704,0.4954314785163785,55.32651217290631,52.90747977380538,1.87,0.001,181,344,484,620,818,932,1176,1319,1443,1619,1792,1925,2084,2241,2387,2584,2715,2864,2994,3171,3330,3479,3637,3814,3979
97,0.474623993822326,0.501840147224514,54.99762068717155,52.57040712300148,1.89,0.001,181,345,483,619,818,932,1177,1319,1442,1619,1793,1925,2083,2241,2386,2585,2714,2864,2994,3171,3331,3479,3636,3813,3979
98,0.48089333212009044,0.5081905305360823,54.668487766605544,52.23425815123036,1.91,0.001,181,345,483,618,817,933,1178,1320,1442,1619,1793,1925,2083,2241,2386,2587,2714,2864,2995,3170,3332,3478,3636,3813,3978
99,0.4871244217056466,0.5143834522123616,54.33939207655897,51.90434740266826,1.92,0.001,182,346,483,617,816,933,1178,1320,1442,1619,1794,1925,2082,2241,2385,2588,2714,2864,2995,3170,3333,3477,3636,3813,3978
100,0.4933066601481857,0.5204425865614231,54.010894806626744,51.57951897162041,1.94,0.001,182,346,482,616,816,933,1179,1321,1442,1619,1794,1926,2081,2241,2385,2589,2714,2864,2995,3170,3334,3476,3635,3813,3978
101,0.4994627530250617,0.5264905362972285,53.68178811291591,51.25323922690155,1.96,0.001,182,346,482,615,815,934,1180,1321,1442,1619,1795,1926,2080,2241,2384,2590,2713,2864,2995,3170,3335,3476,3635,3813,3978
102,0.5056031891792427,0.5325492505111145,53.351495574895786,50.92428173968804,1.98,0.001,182,347,482,615,814,934,1181,1322,1442,1618,1796,1926,2080,2241,2384,2591,2713,2864,2996,3169,3336,3475,3635,3813,3978
103,0.5117494158125421,0.5385544039527695,53.01883463611658,50.596124095008506,2.0,0.001,182,347,482,614,814,935,1181,1322,1442,1618,1797,1927,2079,2240,2383,2592,2713,2865,2996,3169,3337,3474,3634,3813,3977
104,0.5179279301695168,0.544576510697238,52.682302994726086,50.2648843005731,2.01,0.001,183,348,481,613,813,935,1182,1322,1442,1618,1797,1927,2078,2240,2383,2593,2713,2865,2997,3169,3338,3473,3634,3813,3977
105,0.5241489313761551,0.5507190132339685,52.34127326229989,49.92476272946873,2.03,0.001,183,348,481,612,812,936,1183,1323,1441,1618,1798,1927,2077,2240,2382,2594,2712,2865,2997,3169,3339,3473,3634,3813,3977
106,0.5303870435382221,0.5569037009555127,51.99706318705053,49.5799469803884,2.05,0.001,183,349,481,611,812,937,1184,1323,1441,1617,1799,1928,2076,2240,2382,2595,2712,2865,2998,3169,3340,3472,3633,3813,3977
107,0.5366165412737569,0.5630125703729749,51.65103667733833,49.23698570910642,2.07,0.001,183,349,480,610,811,937,1184,1323,1441,1617,1800,1928,2074,2240,2381,2596,2712,2865,2998,3168,3342,3471,3633,3813,3976
108,0.5428227174228799,0.5690815838171335,51.30398262135699,48.893880724131776,2.09,0.001,183,349,480,610,810,938,1185,1324,1441,1616,1800,1928,2073,2240,2381,2597,2711,2865,2999,3168,3343,3471,3633,3813,3976
109,0.5489906819119491,0.5751561102070655,50.956728061813635,48.548039191866444,2.1,0.001,183,350,480,609,810,939,1186,1324,1441,1616,1801,1929,2072,2240,2380,2598,2711,2865,2999,3168,3344,3470,3633,3813,3976
110,0.5551328108170146,0.5811717395637616,50.60855732204535,48.20310220826041,2.12,0.001,184,350,479,608,809,940,1186,1324,1441,1615,1802,1929,2070,2240,2379,2599,2711,2865,3000,3168,3345,3469,3632,3813,3976
111,0.5612445930456034,0.5870501592823432,50.25971610047156,47.86363176874222,2.14,0.001,184,351,479,607,808,940,1187,1325,1440,1615,1803,1930,2069,2239,2379,2600,2710,2865,3001,3168,3346,3469,3632,3813,3975
112,0.567313530484618,0.5929304344676292,49.91090206088496,47.52162593641578,2.16,0.001,184,351,479,606,808,941,1187,1325,1440,1614,1804,1930,2067,2239,2378,2601,2710,2865,3001,3167,3347,3468,3632,3813,3975
113,0.5733527014742317,0.5988381180346326,49.56136702677298,47.17553138777294,2.18,0.001,184,352,478,606,807,942,1188,1325,1440,1614,1804,1931,2066,2239,2378,2602,2710,2865,3002,3167,3349,3468,3632,3813,3975
114,0.5793449673525177,0.6045861764159097,49.21209280375099,46.836338222847864,2.19,0.001,184,352,478,605,807,943,1188,1325,1440,1613,1805,1931,2064,2239,2377,2603,2710,2865,3002,3167,3350,3467,3632,3813,3975
115,0.5852805061830575,0.6102879199777327,48.86366206807595,46.497427264177745,2.21,0.001,185,352,478,604,806,944,1189,1325,1439,1613,1806,1932,2062,2239,2377,2604,2709,2865,3003,3167,3351,3466,3631,3813,3974
116,0.5911690376073684,0.6160177728534194,48.5155168074478,46.15434047336448,2.23,0.001,185,353,477,603,805,945,1189,1325,1439,1612,1807,1933,2060,2239,2376,2605,2709,2865,3003,3167,3352,3466,3631,3813,3974
117,0.597003255066314,0.6216250215220902,48.16810164024528,45.81610767684494,2.25,0.001,185,353,477,602,805,946,1190,1325,1439,1611,1807,1934,2058,2239,2376,2606,2709,2865,3004,3167,3353,3465,3631,3813,3974
118,0.6027934741504248,0.6271411768606285,47.82081218596146,45.48091546874359,2.27,0.001,185,354,477,602,804,947,1190,1325,1438,1610,1808,1935,2056,2238,2375,2607,2708,2865,3004,3166,3354,3465,3631,3813,3974
119,0.6085326991507437,0.6326771283717256,47.474075470691105,45.142016301248525,2.28,0.001,185,354,476,601,803,948,1191,1325,1438,1610,1808,1936,2054,2238,2375,2608,2708,2865,3005,3166,3356,3464,3631,3813,3974
120,0.6142332085916138,0.6381814130126453,47.127149942668396,44.802518065394494,2.3,0.001,186,355,476,600,803,950,1191,1325,1437,1609,1809,1937,2052,2238,2375,2609,2708,2865,3005,3166,3357,3464,3631,3813,3973
121,0.6198955239004329,0.6435570283090668,46.78000530658772,44.46845215773411,2.32,0.001,186,355,475,599,802,951,1192,1324,1437,1608,1810,1938,2050,2238,2374,2610,2707,2865,3006,3166,3358,3463,3631,3813,3973
122,0.6255317781726653,0.6489708059558863,46.43187686765553,44.12945931786951,2.34,0.001,186,356,475,599,802,952,1192,1324,1436,1607,1810,1939,2048,2238,2374,2611,2707,2865,3006,3166,3359,3463,3631,3813,3973
123,0.631161384181111,0.6543730573837201,46.08153704728853,43.78857256081845,2.36,0.001,186,356,475,598,801,953,1192,1324,1436,1606,1811,1941,2046,2238,2373,2612,2707,2865,3007,3166,3360,3463,3631,3813,3973
124,0.636791008327598,0.6596788998145078,45.72851057805732,43.45116410534216,2.37,0.001,186,356,474,597,801,954,1193,1323,1436,1605,1812,1943,2043,2238,2373,2613,2706,2865,3007,3166,3362,3462,3631,3813,3972
125,0.64245076534374,0.6651290749210692,45.370824532401876,43.10182942979697,2.39,0.001,187,357,474,596,800,955,1193,1323,1435,1605,1812,1944,2041,2237,2372,2614,2706,2865,3008,3165,3363,3462,3631,3813,3972
126,0.6481574438807609,0.6705855877979321,45.00730056882092,42.74922902265315,2.41,0.001,187,357,474,596,800,957,1193,1323,1435,1604,1813,1946,2038,2237,2372,2615,2706,2865,3008,3165,3364,3461,3631,3813,3972
127,0.6539482584431175,0.6760953294529468,44.63538536803648,42.3902132075465,2.43,0.001,187,358,473,595,799,958,1194,1322,1434,1603,1813,1948,2036,2237,2371,2617,2705,2865,3008,3165,3365,3461,3631,3813,3971
128,0.6598940171462568,0.6818905956192863,44.25026896766773,42.009279225138165,2.45,0.001,187,358,473,594,799,959,1194,1322,1434,1602,1814,1950,2034,2237,2371,2618,2705,2865,3008,3165,3366,3461,3631,3813,3971
129,0.6660828725584973,0.6878785022108058,43.845810268770265,41.6120225993004,2.46,0.001,187,359,473,594,798,960,1194,1322,1433,1601,1814,1952,2031,2237,2370,2619,2705,2865,3009,3165,3367,3460,3631,3813,3971
130,0.6715856120163626,0.693413111156548,43.48303593428707,41.24143495359067,2.48,0.001,188,359,472,593,798,961,1194,1321,1433,1600,1815,1954,2029,2237,2370,2620,2704,2865,3009,3165,3368,3460,3631,3813,3971
131,0.675875347280552,0.6978506697074665,43.19811510283174,40.941881623814474,2.5,0.001,188,360,472,592,797,963,1194,1321,1432,1599,1815,1957,2027,2236,2369,2621,2704,2864,3009,3165,3369,3460,3631,3813,3970
132,0.6807807867772762,0.7022088630852532,42.86998165556451,40.645538678348515,2.52,0.001,188,360,472,592,797,964,1195,1320,1432,1598,1816,1959,2024,2236,2369,2622,2704,2864,3009,3164,3371,3459,3631,3813,3970
133,0.6859133996200746,0.7061204730558839,42.52393914479966,40.377707375848956,2.54,0.001,188,360,471,591,796,965,1195,1320,1431,1597,1816,1961,2022,2236,2369,2624,2703,2864,3009,3164,3372,3459,3631,3813,3970
134,0.6904825013446918,0.7096494134060802,42.21350182498634,40.13454544754743,2.56,0.001,188,361,471,590,796,966,1195,1319,1431,1595,1817,1964,2020,2236,2368,2625,2703,2864,3009,3164,3373,3459,3632,3813,3970
135,0.6945044556196089,0.7128882864102652,41.938336837310175,39.910065829213906,2.57,0.001,189,361,471,590,796,968,1195,1319,1430,1594,1818,1966,2019,2236,2368,2626,2702,2864,3009,3164,3374,3458,3632,3813,3969
136,0.6985461526624781,0.7163602838257485,41.65999197840327,39.66801933311645,2.59,0.001,189,362,470,589,795,969,1196,1318,1430,1593,1819,1969,2017,2236,2367,2627,2702,2864,3008,3163,3375,3458,3632,3813,3969
137,0.7027563253335358,0.7206083021001812,41.36805284151573,39.369847133069364,2.61,0.001,189,362,470,588,795,970,1196,1318,1429,1592,1819,1971,2016,2235,2367,2629,2702,2864,3008,3163,3376,3458,3632,3813,3969
138,0.7069220540527192,0.7246968731380699,41.07715325495731,39.0807191886829,2.63,0.001,189,363,470,588,795,971,1196,1317,1429,1591,1820,1974,2015,2235,2366,2630,2701,2864,3008,3163,3377,3458,3632,3813,3969
139,0.7108203878292967,0.7288812482973799,40.80304883149435,38.78258615999986,2.65,0.001,189,363,469,587,794,973,1196,1317,1428,1590,1820,1976,2014,2235,2366,2631,2701,2864,3008,3163,3378,3458,3632,3813,3968
140,0.7144868692537643,0.7324377512205521,40.543554175186095,38.52737365183114,2.66,0.001,189,363,469,587,794,974,1196,1316,1428,1589,1821,1979,2014,2235,2365,2632,2700,2863,3008,3162,3379,3457,3632,3813,3968
141,0.7181550597174735,0.7356244104321261,40.28226518794437,38.297255901308546,2.68,0.001,190,364,469,586,794,975,1196,1315,1427,1588,1822,1982,2013,2235,2365,2633,2700,2863,3008,3162,3380,3457,3632,3813,3968
142,0.7218719157151584,0.7385705645484143,40.01577142690898,38.083271541308825,2.7,0.001,190,364,468,586,793,976,1196,1315,1427,1588,1823,1984,2013,2234,2364,2635,2700,2863,3008,3162,3381,3457,3632,3813,3968
143,0.7254230821411185,0.7409466076550131,39.759488107007236,37.90981311829514,2.72,0.001,190,365,468,585,793,977,1196,1314,1426,1587,1824,1987,2013,2234,2364,2636,2699,2863,3007,3161,3382,3457,3632,3813,3967
144,0.7287470625195103,0.7436019177132414,39.518094710781696,37.7150231821858,2.74,0.001,190,365,468,585,793,978,1196,1314,1426,1586,1825,1989,2013,2234,2363,2637,2699,2863,3007,3161,3383,3457,3633,3813,3967
145,0.7320142382705048,0.7460835692331549,39.279380735655224,37.532059863243916,2.75,0.001,190,366,468,584,793,980,1196,1313,1425,1585,1826,1992,2013,2234,2363,2638,2698,2863,3007,3160,3384,3456,3633,3813,3967
146,0.735290519689842,0.7497860623331898,39.038534836087756,37.25741687643801,2.77,0.001,191,366,467,584,792,981,1196,1312,1425,1584,1827,1994,2014,2234,2362,2640,2698,2862,3007,3160,3385,3456,3633,3813,3967
147,0.7384129403431982,0.7523012704016898,38.80761058927021,37.06968271988749,2.79,0.001,191,366,467,583,792,982,1196,1312,1424,1583,1828,1997,2014,2234,2362,2641,2697,2862,3007,3160,3386,3456,3633,3813,3966
148,0.7412665847678346,0.7566253477815853,38.59535516651826,36.7446949561685,2.81,0.001,191,367,467,583,792,983,1195,1311,1424,1582,1829,1999,2015,2234,2361,2642,2697,2862,3007,3159,3387,3456,3633,3812,3966
149,0.7439946835942415,0.7577543426175855,38.39133883392109,36.65936687515893,2.83,0.001,191,367,467,582,792,984,1195,1310,1423,1581,1830,2002,2016,2233,2361,2643,2696,2862,3007,3159,3387,3456,3633,3812,3966
150,0.7469057558296488,0.7619694311498445,38.17243782843355,36.33903230074636,2.84,0.001,191,368,467,582,792,985,1195,1310,1423,1580,1831,2004,2016,2233,2360,2644,2696,2862,3007,3158,3388,3456,3633,3812,3965
151,0.7498222844934264,0.7635249869049436,37.951862563915256,36.22009811986295,2.86,0.001,192,368,466,581,792,986,1195,1309,1422,1580,1833,2006,2017,2233,2359,2645,2695,2862,3007,3158,3389,3455,3633,3812,3965
152,0.7522854143909853,0.7649702350778244,37.764571251331255,36.10924484777496,2.88,0.001,192,368,466,581,792,987,1195,1309,1422,1579,1834,2009,2018,2233,2359,2646,2695,2861,3007,3157,3390,3455,3633,3812,3965
153,0.7545407686930257,0.7679864284839819,37.59226117947599,35.8767965578032,2.9,0.001,192,369,466,581,791,988,1195,1308,1421,1578,1835,2011,2019,2233,2358,2647,2694,2861,3007,3157,3391,3455,3633,3812,3965
154,0.7569020255065679,0.768964651784622,37.41101094910929,35.801086204715915,2.92,0.001,192,369,466,580,791,989,1194,1308,1421,1577,1837,2013,2019,2233,2358,2648,2694,2861,3007,3157,3392,3455,3633,3812,3964
155,0.7590694284381477,0.7714482315278655,37.243863208315105,35.60813917063503,2.93,0.001,192,370,466,580,791,990,1194,1307,1421,1576,1838,2015,2020,2233,2357,2648,2693,2861,3007,3156,3392,3455,3633,3812,3964
156,0.7609279066042214,0.7743080082642448,37.0999395899525,35.384664233119764,2.95,0.001,193,370,466,580,791,991,1194,1306,1420,1576,1839,2018,2021,2233,2357,2649,2692,2861,3007,3156,3393,3455,3633,3812,3964
157,0.7627394593337821,0.7752466081890281,36.9591135475237,35.31101006259414,2.97,0.001,193,370,466,579,791,992,1194,1306,1420,1575,1840,2019,2022,2233,2356,2650,2692,2860,3007,3155,3394,3455,3633,3812,3964
158,0.7644841777297828,0.7774391973296771,36.822968786797155,35.138347872530055,2.99,0.001,193,371,465,579,791,993,1194,1305,1419,1574,1841,2021,2022,2232,2356,2651,2691,2860,3007,3155,3395,3455,3633,3812,3963
159,0.7660416805748566,0.7792320758850322,36.70100967722993,34.99652779930907,3.01,0.001,193,371,465,579,791,994,1194,1305,1419,1574,1843,2023,2232,2355,2651,2691,2860,3007,3154,3395,3454,3633,3812,3963
160,0.7676085028082764,0.7793893941410391,36.57791141543794,34.9840574739945,3.02,0.001,193,371,465,578,791,995,1193,1304,1419,1573,1844,2024,2023,2232,2354,2652,2690,2860,3007,3154,3396,3454,3633,3812,3963
161,0.7691696086549187,0.781051894537669,36.45484283886367,34.851990687517585,3.04,0.001,193,372,465,578,791,995,1193,1304,1419,1572,1845,2025,2024,2232,2354,2652,2689,2859,3007,3153,3397,3454,3633,3812,3963
162,0.7705707609840422,0.7824235294390683,36.344035494364476,34.74265041433224,3.06,0.001,194,372,465,578,791,996,1193,1303,1418,1572,1847,2026,2024,2232,2353,2652,2689,2859,3007,3153,3397,3454,3633,3812,3962
163,0.7719869723401931,0.7829154797885219,36.23168988002768,34.7033501230879,3.08,0.001,194,372,465,578,791,997,1193,1303,1418,1571,1848,2027,2024,2232,2353,2653,2688,2859,3007,3153,3398,3454,3632,3812,3962
164,0.7734738980915534,0.7852048788473732,36.113358783380804,34.519872277157255,3.1,0.001,194,373,465,577,791,998,1193,1302,1418,1571,1849,2027,2024,2232,2352,2653,2687,2858,3007,3152,3399,3454,3632,3812,3962
165,0.7748754333024195,0.786760160414552,36.001466509300876,34.39467121812803,3.11,0.001,194,373,465,577,791,999,1193,1302,1418,1570,1850,2027,2024,2232,2351,2653,2687,2858,3007,3152,3399,3454,3632,3812,3961
166,0.776198070332297,0.7875990312286898,35.895554665258516,34.326951504748784,3.13,0.001,194,373,465,577,791,1000,1192,1302,1417,1570,1851,2027,2024,2232,2351,2653,2686,2858,3007,3151,3400,3453,3632,3812,3961
167,0.777574250553361,0.789659178396042,35.78502299976556,34.16007204999629,3.15,0.001,195,374,465,577,791,1000,1192,1301,1417,1569,1852,2026,2024,2232,2350,2654,2685,2858,3007,3151,3400,3453,3632,3812,3961
168,0.7789626357434744,0.7903837942042359,35.67316166098297,34.10118037443407,3.17,0.001,195,374,465,577,791,1001,1192,1301,1417,1569,1854,2026,2024,2232,2349,2654,2685,2857,3007,3151,3401,3453,3632,3812,3961
169,0.7802579958046276,0.7911939649773837,35.56848072787285,34.03521699789425,3.19,0.001,195,374,465,576,791,1002,1192,1300,1417,1568,1855,2025,2024,2231,2348,2654,2684,2857,3007,3150,3402,3453,3632,3812,3960
170,0.7814791087589129,0.7927361775628056,35.46951403362118,33.9092920582342,3.2,0.001,195,375,465,576,791,1003,1192,1300,1417,1568,1856,2025,2024,2231,2348,2654,2683,2857,3007,3150,3402,3453,3631,3812,3960
171,0.782680275885756,0.7931609787665683,35.37189591339165,33.87452432784112,3.22,0.001,195,375,465,576,791,1003,1192,1299,1417,1568,1857,2024,2023,2231,2347,2654,2683,2856,3007,3149,3403,3453,3631,3812,3960
172,0.7838205348246561,0.7946467784419424,35.27897675913908,33.752640232376635,3.24,0.001,195,375,465,576,792,1004,1192,1299,1416,1567,1858,2023,2231,2346,2653,2682,2856,3007,3149,3403,3453,3631,3812,3960
173,0.7848538844772914,0.7959977856148819,35.19455725466031,33.6414269237907,3.26,0.001,196,376,465,576,792,1005,1192,1299,1416,1567,1859,2023,2231,2346,2653,2681,2856,3007,3149,3404,3453,3631,3812,3959
174,0.7858224738790407,0.7965513274018194,35.11524692218823,33.59575757082749,3.28,0.001,196,376,465,576,792,1005,1191,1298,1416,1567,1860,2022,2023,2231,2345,2653,2680,2855,3007,3148,3404,3452,3631,3812,3959
175,0.7867766429927276,0.7980609751517586,35.03693990923187,33.470878127368984,3.29,0.001,196,376,465,576,792,1006,1191,1298,1416,1567,1861,2021,2022,2231,2344,2653,2680,2855,3007,3148,3405,3452,3630,3812,3959
176,0.7877114225580725,0.7985643107886159,34.960053236023896,33.42914067530098,3.31,0.001,196,377,465,575,792,1007,1191,1298,1416,1566,1862,2020,2022,2231,2343,2653,2679,2855,3007,3148,3405,3452,3630,3812,3959
177,0.7885896048787029,0.7991579143592887,34.88766676050704,33.379847713829335,3.33,0.001,196,377,465,575,792,1007,1191,1298,1416,1566,1863,2020,2022,2231,2342,2653,2678,2854,3007,3147,3406,3452,3630,3812,3958
178,0.7894170729916988,0.8001931133423255,34.81932474900343,33.29371098880763,3.35,0.001,197,377,465,575,792,1008,1191,1297,1416,1566,1864,2019,2022,2231,2342,2652,2677,2854,3007,3147,3406,3452,3630,3812,3958
179,0.7902331229700421,0.8003881974913514,34.751793245659464,33.277453568679576,3.36,0.001,197,378,465,575,792,1008,1192,1297,1416,1566,1865,2019,2022,2231,2341,2652,2676,2854,3007,3146,3406,3452,3629,3812,3958
180,0.7910532799785143,0.8017655143215816,34.683788863977036,33.162449349754006,3.38,0.001,197,378,465,575,793,1009,1192,1297,1416,1566,1865,2019,2021,2231,2340,2652,2676,2853,3007,3146,3407,3451,3629,3812,3957
181,0.7918528422003772,0.8024565170936795,34.61736469572117,33.10459830160966,3.4,0.001,197,378,465,575,793,1010,1192,1297,1416,1566,1866,2018,2021,2231,2339,2651,2675,2853,3007,3146,3407,3451,3629,3812,3957
182,0.7926165247104358,0.8033471357837698,34.553803437990005,33.02988999092337,3.42,0.001,197,378,465,575,793,1010,1192,1297,1416,1566,1867,2018,2021,2231,2339,2651,2674,2853,3007,3145,3408,3451,3628,3812,3957
183,0.7933569921638116,0.8044172772450358,34.49205920842506,32.93989591914435,3.44,0.001,197,379,465,575,793,1011,1192,1296,1416,1566,1868,2018,2021,2231,2338,2651,2673,2852,3007,3145,3408,3451,3628,3812,3957
184,0.7940949474782055,0.8046922942564391,34.430415205323,32.91672806231089,3.45,0.001,198,379,466,575,793,1011,1192,1296,1416,1566,1869,2018,2021,2231,2337,2650,2672,2852,3006,3145,3408,3451,3628,3812,3956
185,0.7948271980106358,0.8057295612775572,34.36913834966535,32.829203337834365,3.47,0.001,198,379,466,575,793,1012,1192,1296,1416,1566,1870,2018,2021,2231,2336,2650,2671,2852,3006,3144,3409,3451,3627,3812,3956
186,0.795545173936347,0.8059607723155007,34.308951105747354,32.80966133554452,3.49,0.001,198,379,466,575,794,1012,1192,1296,1417,1566,1870,2018,2021,2230,2335,2650,2670,2851,3006,3144,3409,3451,3627,3812,3956
187,0.7962509248550953,0.8067957212423007,34.249686358052976,32.738996914159,3.51,0.001,198,380,466,575,794,1013,1192,1296,1417,1566,1871,2018,2021,2230,2335,2649,2669,2851,3006,3144,3409,3450,3627,3812,3956
188,0.7969438652526648,0.807437684528465,34.19139531624697,32.68456084419867,3.52,0.001,198,380,466,575,794,1013,1192,1296,1417,1566,1872,2018,2021,2230,2334,2649,2668,2851,3006,3143,3410,3450,3626,3812,3955
189,0.7976216087070447,0.8080795017852871,34.13428681154497,32.63004331229887,3.54,0.001,198,380,466,575,794,1014,1192,1296,1417,1566,1872,2019,2021,2230,2333,2649,2667,2850,3006,3143,3410,3450,3626,3812,3955
190,0.7982870599080245,0.8090521644298763,34.07812141792737,32.54725380840525,3.56,0.001,199,380,466,575,794,1014,1192,1296,1417,1566,1873,2019,2021,2230,2332,2648,2666,2850,3006,3143,3410,3450,3625,3812,3955
191,0.7989463348776025,0.8093134187345451,34.022387146530995,32.52498100919411,3.58,0.001,199,381,466,575,795,1015,1193,1296,1417,1566,1874,2019,2021,2230,2331,2648,2665,2850,3006,3143,3411,3450,3625,3812,3955
192,0.7995906244760466,0.8104046384065393,33.96782822748884,32.431785006547784,3.6,0.001,199,381,466,575,795,1015,1193,1296,1417,1566,1874,2019,2021,2230,2331,2648,2664,2849,3006,3142,3411,3450,3625,3812,3954
193,0.8002143236673199,0.810263173521196,33.91493264404339,32.44387995723827,3.61,0.001,199,381,466,575,795,1016,1193,1296,1417,1566,1875,2019,2021,2230,2330,2648,2663,2849,3006,3142,3411,3449,3624,3812,3954
194,0.8008046239671509,0.8116865690665914,33.8647895993667,32.32195635020701,3.63,0.001,199,381,466,575,795,1016,1193,1295,1418,1567,1875,2020,2021,2230,2329,2647,2662,2849,3005,3142,3411,3449,3624,3812,3954
195,0.8013616391073439,0.8111851261172258,33.81740953266527,32.364961341800644,3.65,0.001,199,382,467,575,796,1017,1193,1295,1418,1567,1876,2020,2021,2230,2328,2647,2661,2848,3005,3141,3412,3449,3623,3812,3954
196,0.8018936296370599,0.8131151059874095,33.77209201720779,32.19912563108275,3.67,0.001,200,382,467,575,796,1017,1193,1295,1418,1567,1876,2020,2021,2230,2327,2647,2660,2848,3005,3141,3412,3449,3623,3812,3953
197,0.8024461209395483,0.8123533284637802,33.72496720659544,32.26468294629594,3.69,0.001,200,382,467,575,796,1017,1193,1295,1418,1567,1877,2020,2021,2230,2327,2646,2659,2848,3005,3141,3412,3449,3622,3812,3953
198,0.8030406789222134,0.8143056388144287,33.67417879299824,32.09640096768055,3.7,0.001,200,382,467,575,796,1018,1193,1295,1418,1567,1877,2021,2230,2326,2646,2659,2847,3004,3141,3412,3449,3622,3812,3953
199,0.8036383924592085,0.8140950198423087,33.623045002995156,32.11460001587576,3.72,0.001,200,383,467,575,797,1018,1193,1295,1418,1568,1878,2021,2230,2325,2646,2658,2847,3004,3140,3413,3449,3621,3812,3953
200,0.8041649510337161,0.8148772716646807,33.57793414033705,32.04696070502923,3.74,0.001,200,383,467,575,797,1019,1193,1295,1418,1568,1878,2021,2230,2324,2646,2657,2846,3004,3140,3413,3449,3621,3812,3952
201,0.8046095716518107,0.8157076967575987,33.53979497074613,31.97500206154704,3.76,0.001,201,383,467,575,797,1019,1193,1295,1418,1568,1879,2021,2230,2323,2646,2656,2846,3004,3140,3413,3449,3620,3812,3952
202,0.8050241209991106,0.8151979298659403,33.50419749822401,32.01919552137338,3.77,0.001,201,383,467,575,797,1020,1193,1295,1418,1568,1879,2021,2230,2323,2645,2655,2846,3003,3140,3413,3448,3620,3812,3952
203,0.8054690747282369,0.8167642628113987,33.46594511472633,31.883211641400127,3.79,0.001,201,383,467,575,798,1020,1193,1295,1418,1569,1879,2021,2230,2322,2645,2654,2845,3003,3139,3414,3448,3620,3812,3951
204,0.8059791183043692,0.8161379505721765,33.4220430103304,31.937655752739097,3.81,0.001,201,384,467,575,798,1020,1193,1295,1418,1569,1880,2021,2230,2321,2645,2653,2845,3003,3139,3414,3448,3619,3812,3951
205,0.8065103402835903,0.8175218397928596,33.37625999786843,31.81723472870089,3.83,0.001,201,384,468,575,798,1021,1193,1295,1418,1569,1880,2021,2230,2320,2645,2653,2845,3002,3139,3414,3448,3619,3812,3951
206,0.8069972454943626,0.8177473823194472,33.33423745518637,31.79756506468646,3.85,0.001,201,384,468,575,798,1021,1193,1295,1418,1569,1881,2021,2230,2320,2645,2652,2844,3002,3139,3414,3448,3618,3812,3951
207,0.8074179318429284,0.8179286784930411,33.29788683352331,31.781745479176013,3.86,0.001,202,384,468,575,799,1021,1193,1295,1418,1570,1881,2021,2230,2319,2645,2651,2844,3002,3139,3414,3448,3618,3812,3950
208,0.8078038899929082,0.8190123805067823,33.26450392955962,31.68702134592874,3.88,0.001,202,385,468,575,799,1022,1193,1295,1418,1570,1881,2021,2230,2318,2644,2650,2844,3001,3138,3414,3448,3617,3812,3950
209,0.8081980693694689,0.8184062144095379,33.23037668414718,31.74004057623824,3.9,0.001,202,385,468,575,799,1022,1193,1295,1418,1570,1881,2021,2230,2317,2644,2650,2843,3001,3138,3415,3448,3617,3812,3950
210,0.8086195968463252,0.8198310970341531,33.19383877494719,31.61527147795824,3.92,0.001,202,385,468,575,799,1023,1193,1295,1418,1570,1881,2020,2021,2230,2316,2644,2649,2843,3001,3138,3415,3448,3616,3812,3950
211,0.8090599953826413,0.8193427965822054,33.15562595136099,31.65808256819309,3.93,0.001,202,385,468,575,800,1023,1194,1295,1418,1571,1881,2020,2021,2230,2316,2644,2648,2842,3000,3138,3415,3447,3616,3812,3949
212,0.8094942403388714,0.8203107711548181,33.11789981393653,31.57315723541914,3.95,0.001,202,385,468,575,800,1023,1194,1295,1418,1571,1881,2020,2021,2230,2315,2644,2648,2842,3000,3138,3415,3447,3615,3812,3949
213,0.8098981386218491,0.8204853315837695,33.0827763764385,31.557817954089245,3.97,0.001,203,385,469,575,800,1024,1194,1295,1418,1571,1881,2020,2021,2230,2314,2644,2647,2842,3000,3137,3415,3447,3615,3812,3949
214,0.8102716123727098,0.8206802760246603,33.0502639367534,31.540676435668452,3.99,0.001,203,386,469,575,800,1024,1194,1295,1418,1571,1881,2020,2021,2230,2313,2644,2647,2841,3000,3137,3416,3447,3615,3812,3949
215,0.8106190824307883,0.8215274322850997,33.019985736032844,31.46608591783035,4.01,0.001,203,386,469,575,801,1024,1194,1295,1418,1572,1881,2020,2021,2230,2312,2644,2646,2841,2999,3137,3416,3447,3614,3812,3948
216,0.8109481852228687,0.8210597430066963,32.99128191836728,31.50728656113237,4.02,0.001,203,386,469,575,801,1025,1194,1295,1418,1572,1881,2020,2021,2230,2312,2644,2645,2841,2999,3137,3416,3447,3614,3812,3948
217,0.8112563850275795,0.8224424584685468,32.9643806346335,31.385319323578162,4.04,0.001,203,386,469,575,801,1025,1194,1296,1417,1572,1880,2020,2021,2230,2311,2643,2645,2840,2999,3137,3416,3447,3613,3812,3948
218,0.8115448883931689,0.8213757122102183,32.939176976403225,31.47945836300436,4.06,0.001,203,386,469,575,802,1025,1194,1296,1417,1573,1880,2020,2021,2230,2310,2643,2644,2840,2999,3137,3416,3447,3613,3812,3948
219,0.8118475243751296,0.8232130949866768,32.91271712031973,31.317135892164234,4.08,0.001,204,387,469,575,802,1026,1194,1296,1417,1573,1880,2020,2021,2230,2310,2643,2644,2839,2999,3136,3417,3447,3613,3812,3947
220,0.8122163418802182,0.8219616426190177,32.880444906152995,31.427784322815477,4.09,0.001,204,387,469,575,802,1026,1194,1296,1417,1573,1880,2020,2021,2230,2309,2643,2839,2998,3136,3417,3447,3612,3812,3947
221,0.8126848689021113,0.8238044227011547,32.83939745778879,31.264716261468873,4.11,0.001,204,387,469,576,803,1026,1194,1296,1417,1573,1880,2020,2021,2230,2308,2643,2839,2998,3136,3417,3447,3612,3812,3947
222,0.8131386430351618,0.8234570909058772,32.79959753766519,31.295516656431296,4.13,0.001,204,387,469,576,803,1027,1194,1296,1417,1574,1880,2020,2230,2308,2643,2642,2838,2998,3136,3417,3447,3612,3812,3947
223,0.8134799685345661,0.8238482815930633,32.769626007506936,31.260823321004057,4.15,0.001,204,387,470,576,803,1027,1194,1296,1417,1574,1880,2020,2230,2307,2642,2838,2998,3136,3417,3446,3611,3812,3946
224,0.8137171398298184,0.8246608222592245,32.74878672907689,31.188641911396907,4.16,0.001,204,387,470,576,803,1027,1195,1296,1417,1574,1879,2020,2230,2306,2642,2641,2838,2998,3136,3417,3446,3611,3812,3946
225,0.8139241534944158,0.8236887992015309,32.730584133121006,31.274970492342195,4.18,0.001,205,388,470,576,804,1028,1195,1296,1417,1574,1879,2020,2230,2305,2642,2641,2837,2998,3136,3418,3446,3611,3812,3946
226,0.8141816706360951,0.8253454206716687,32.707928606837825,31.12769621542345,4.2,0.001,205,388,470,576,804,1028,1195,1296,1417,1575,1879,2020,2230,2305,2642,2640,2837,2997,3136,3418,3446,3611,3812,3945
227,0.8145371512158219,0.8243340502108168,32.676629033009775,31.217691306185365,4.22,0.001,205,388,470,576,804,1028,1195,1296,1418,1575,1879,2020,2230,2304,2642,2640,2836,2997,3136,3418,3446,3610,3812,3945
228,0.8149393566972353,0.8257544666069013,32.64117661992001,31.09122359397122,4.23,0.001,205,388,470,576,805,1029,1195,1297,1417,1575,1879,2020,2230,2303,2642,2640,2836,2997,3136,3418,3446,3610,3812,3945
229,0.8152845938417094,0.8256879560009176,32.61071698544341,31.097156495246374,4.25,0.001,205,388,470,576,805,1029,1195,1297,1417,1575,1880,2020,2230,2303,2642,2639,2836,2997,3135,3418,3446,3610,3812,3945
230,0.8155428669920042,0.8256938996115197,32.58791070056694,31.09662557369067,4.27,0.001,205,388,470,576,805,1029,1195,1297,1417,1576,1880,2020,2230,2302,2641,2639,2835,2997,3135,3418,3446,3610,3812,3944
231,0.815761253040187,0.8266030253421394,32.56861371949035,31.015426243065924,4.29,0.001,206,389,470,576,806,1029,1196,1297,1417,1576,1880,2020,2230,2301,2641,2639,2835,2997,3135,3419,3446,3609,3812,3944
232,0.8160061796507558,0.8257501590298498,32.54695751309752,31.091607377496686,4.31,0.001,206,389,470,576,806,1030,1196,1297,1417,1576,1880,2019,2020,2230,2300,2641,2638,2835,2997,3135,3419,3446,3609,3812,3944
233,0.8163030135729419,0.8270666329382521,32.52069278143341,30.973935891162487,4.32,0.001,206,389,470,576,806,1030,1196,1297,1417,1577,1880,2019,2020,2230,2300,2641,2638,2834,2996,3135,3419,3446,3609,3812,3944
234,0.8166364071993474,0.8264147932648672,32.491168421443774,31.0322550661757,4.34,0.001,206,389,470,576,806,1030,1196,1297,1417,1577,1880,2019,2021,2230,2299,2641,2637,2834,2996,3135,3419,3446,3609,3812,3943
235,0.8169617615373467,0.8272452406306623,32.46232792599754,30.95793595878325,4.36,0.001,206,389,471,576,807,1031,1196,1298,1417,1577,1880,2019,2021,2230,2298,2641,2637,2833,2996,3135,3419,3446,3609,3812,3943
236,0.8172476971917544,0.8273218965916859,32.43696373292262,30.951066312154335,4.38,0.001,206,389,471,576,807,1031,1196,1298,1417,1577,1880,2019,2021,2230,2297,2641,2637,2833,2996,3135,3419,3446,3608,3812,3943
237,0.81749070005396,0.8273022315519964,32.415390917886135,30.95282823400139,4.39,0.001,207,389,471,577,807,1031,1196,1298,1417,1578,1880,2020,2021,2230,2297,2640,2636,2833,2996,3135,3419,3446,3608,3812,3943
238,0.8177047273922244,0.8280868318650152,32.39638116665675,30.88243699177222,4.41,0.001,207,390,471,577,808,1032,1196,1298,1417,1578,1880,2020,2021,2230,2296,2640,2636,2832,2996,3135,3419,3446,3608,3812,3942
239,0.8179111943866882,0.8273741997638377,32.37802757923767,30.946378539767178,4.43,0.001,207,390,471,577,808,1032,1196,1299,1417,1578,1880,2020,2021,2230,2295,2640,2636,2832,2996,3135,3420,3445,3608,3812,3942
240,0.818120360283807,0.8286219041253624,32.359425926444715,30.834338142587175,4.45,0.001,207,390,471,577,808,1032,1196,1299,1417,1579,1880,2020,2021,2230,2295,2640,2635,2832,2996,3135,3420,3445,3608,3812,3942
241,0.8183383235486673,0.8275832995046633,32.34003035676625,30.927631199010882,4.46,0.001,207,390,471,577,809,1032,1196,1299,1417,1579,1880,2020,2230,2294,2640,2635,2831,2995,3135,3420,3445,3608,3812,3942
242,0.8185804617620018,0.8290877574197729,32.31847026868401,30.792402603653205,4.48,0.001,207,390,471,577,809,1033,1196,1299,1417,1579,1880,2020,2230,2293,2640,2635,2831,2995,3135,3420,3445,3607,3812,3941
243,0.8188469849694658,0.8281042952561102,32.29472431760333,30.88086771324045,4.5,0.001,208,390,471,577,809,1033,1197,1300,1417,1579,1880,2020,2230,2293,2640,2634,2830,2995,3135,3420,3445,3607,3812,3941
244,0.8191412952849226,0.8294398407775028,32.26847558533812,30.76066888089399,4.52,0.001,208,390,471,577,810,1033,1197,1300,1417,1580,1880,2020,2230,2292,2639,2634,2830,2995,3135,3420,3445,3607,3812,3941
245,0.8194269022538098,0.828893785126526,32.24298918466618,30.809871290632042,4.54,0.001,208,391,471,577,810,1034,1197,1300,1417,1580,1880,2020,2230,2291,2639,2634,2830,2995,3135,3420,3445,3607,3812,3941
246,0.8196920497466056,0.829579250642686,32.21930884275278,30.748095445655757,4.55,0.001,208,391,471,577,810,1034,1197,1300,1417,1580,1880,2020,2230,2291,2639,2633,2829,2995,3135,3420,3445,3607,3812,3940
247,0.8199265316627957,0.82963393559438,32.19835223608112,30.74316230983068,4.57,0.001,208,391,472,577,811,1034,1197,1301,1417,1581,1880,2020,2230,2290,2639,2633,2829,2995,3135,3420,3444,3607,3812,3940
248,0.8201360753146438,0.8296107563020515,32.179610683630095,30.745252785554655,4.59,0.001,208,391,472,577,811,1034,1197,1301,1417,1581,1880,2020,2230,2290,2639,2633,2828,2995,3135,3421,3444,3607,3812,3940
249,0.8203210155085543,0.830249152569055,32.16306528542775,30.687602429500643,4.61,0.001,209,391,472,577,811,1035,1197,1301,1417,1581,1880,2020,2230,2289,2639,2632,2828,2995,3135,3421,3444,3607,3812,3940
250,0.8204765546234745,0.8296047561361937,32.149139003585695,30.745793744963105,4.62,0.001,209,391,472,577,812,1035,1197,1301,1417,1582,1880,2020,2230,2288,2638,2632,2828,2995,3135,3421,3444,3607,3812,3939
251,0.8205885415635726,0.8308465935362824,32.13911145865054,30.63355070361478,4.64,0.001,209,391,472,577,812,1035,1198,1302,1417,1582,1880,2020,2229,2288,2638,2632,2827,2995,3135,3421,3444,3606,3812,3939
252,0.8206401888713102,0.8293539121736471,32.134484935506784,30.768416185600334,4.66,0.001,209,392,472,577,812,1035,1198,1302,1417,1582,1880,2020,2229,2287,2638,2631,2827,2995,3135,3421,3444,3606,3812,3939
253,0.8206752984438633,0.8312528605578933,32.13133943104166,30.59674338171313,4.68,0.001,209,392,472,578,813,1036,1198,1302,1417,1583,1880,2020,2021,2229,2286,2638,2631,2827,2995,3135,3421,3444,3606,3812,3939
254,0.8208093725403895,0.8291199154891938,32.11932631682792,30.78950555536334,4.7,0.001,209,392,472,578,813,1036,1198,1302,1417,1583,1880,2020,2021,2229,2286,2638,2631,2826,2995,3135,3421,3444,3606,3812,3938
255,0.821171539093914,0.831520151983123,32.086849611153006,30.57250163865091,4.71,0.001,210,392,472,578,813,1036,1198,1303,1417,1583,1880,2020,2021,2229,2285,2638,2631,2826,2995,3135,3421,3444,3606,3812,3938
256,0.821677795330159,0.8305038115614132,32.041398925720884,30.66457503552552,4.73,0.001,210,392,472,578,814,1037,1198,1303,1417,1584,1880,2020,2021,2229,2285,2638,2630,2825,2995,3135,3421,3443,3606,3812,3938
257,0.8219831513110404,0.8311861136160732,32.01395493447935,30.6027940858245,4.75,0.001,210,392,473,578,814,1037,1198,1303,1418,1584,1880,2020,2021,2229,2284,2638,2630,2825,2994,3135,3422,3443,3606,3812,3938
258,0.8220147692345932,0.8318140524601875,32.01111028440946,30.545823990870666,4.77,0.001,210,392,473,578,814,1037,1198,1303,1418,1584,1880,2020,2021,2229,2283,2638,2630,2825,2994,3135,3422,3443,3606,3812,3937
259,0.82200917977254,0.8302753214298414,32.011613645724346,30.68523651912064,4.78,0.001,210,392,473,578,815,1037,1198,1303,1418,1585,1880,2020,2229,2283,2638,2629,2824,2994,3135,3422,3443,3606,3812,3937
260,0.8221995228305893,0.8321558391403219,31.99449301063876,30.514769933296748,4.8,0.001,210,393,473,578,815,1038,1199,1304,1418,1585,1880,2020,2229,2282,2638,2629,2824,2994,3135,3422,3443,3606,3812,3937
261,0.8225702810623605,0.83106861126258,31.96111700939567,30.61344149704454,4.82,0.001,211,393,473,578,815,1038,1199,1304,1418,1585,1880,2020,2229,2282,2638,2629,2824,2994,3135,3422,3443,3606,3812,3937
262,0.8228906538678219,0.8320413725247818,31.932248872674254,30.525173117406823,4.84,0.001,211,393,473,578,816,1038,1199,1304,1418,1586,1880,2020,2229,2281,2638,2629,2823,2994,3135,3422,3443,3606,3812,3936
263,0.8230240496045749,0.8323096485326109,31.920221062757577,30.50078544230716,4.85,0.001,211,393,473,578,816,1038,1199,1305,1418,1586,1880,2020,2229,2280,2638,2628,2823,2994,3135,3422,3443,3606,3812,3936
264,0.8230587724603076,0.8313404650449205,31.917090775848447,30.588799953858725,4.87,0.001,211,393,473,578,816,1038,1199,1305,1418,1586,1880,2020,2229,2280,2638,2628,2822,2994,3135,3422,3443,3606,3812,3936
265,0.8231566148009826,0.8327753066719045,31.90826331949776,30.458406697892435,4.89,0.001,211,393,473,579,817,1039,1199,1305,1418,1587,1880,2020,2229,2279,2638,2628,2822,2994,3135,3422,3443,3606,3812,3936
266,0.8233973401496864,0.8316745212566974,31.886540496638233,30.558491637068943,4.91,0.001,211,393,473,579,817,1039,1199,1305,1418,1587,1880,2020,2229,2279,2638,2627,2822,2994,3136,3422,3443,3606,3812,3935
267,0.8236950030988532,0.8329230209208937,31.859654700832053,30.44495164335799,4.93,0.001,212,394,473,579,817,1039,1199,1306,1418,1588,1880,2020,2229,2278,2639,2627,2821,2993,3136,3422,3443,3606,3812,3935
268,0.8239071382186823,0.8328460015231123,31.840482804361553,30.451967533480595,4.94,0.001,212,394,474,579,818,1039,1200,1306,1418,1588,1880,2020,2229,2277,2639,2627,2821,2993,3136,3422,3443,3606,3812,3935
269,0.82400122269584,0.8324385639918933,31.831974446583875,30.48905973741852,4.96,0.001,212,394,474,579,818,1040,1200,1307,1418,1588,1880,2020,2229,2277,2639,2626,2821,2993,3136,3422,3443,3606,3812,3935
270,0.8240793659665175,0.8333642302737809,31.82490702313598,30.4047254001768,4.98,0.001,212,394,474,579,819,1040,1200,1307,1418,1589,1880,2020,2229,2276,2639,2626,2820,2993,3136,3422,3443,3606,3812,3934
271,0.8242245279588852,0.8323173829544465,31.811774764572238,30.500081046575207,5.0,0.001,212,394,474,579,819,1040,1201,1307,1418,1589,1880,2020,2229,2275,2639,2626,2820,2993,3136,3422,3443,3606,3812,3934
272,0.8244436689223523,0.8335411447578134,31.79193757734616,30.38858143032768,5.01,0.001,212,394,474,579,819,1040,1201,1307,1418,1589,1880,2020,2229,2275,2639,2626,2819,2993,3136,3422,3443,3606,3812,3934
273,0.8246692414855704,0.8331232773769499,31.771506887498173,30.426700752009637,5.03,0.001,213,394,474,579,820,1041,1201,1308,1418,1590,1880,2020,2229,2274,2639,2625,2819,2993,3136,3422,3443,3606,3812,3934
274,0.8248444304167503,0.8334887222064329,31.755631075141125,30.393366280607804,5.05,0.001,213,394,474,579,820,1041,1201,1308,1418,1590,1880,2020,2229,2274,2638,2625,2819,2993,3136,3422,3443,3606,3812,3933
275,0.8249585622859595,0.8338667965764378,31.745282160553007,30.358841228259294,5.07,0.001,213,394,474,580,820,1041,1202,1308,1418,1591,1880,2020,2229,2273,2638,2625,2818,2993,3136,3422,3443,3606,3812,3933
276,0.8250480754808868,0.8331928316403191,31.73716656696402,30.420359208834654,5.09,0.001,213,395,475,580,821,1041,1202,1309,1418,1591,1881,2020,2229,2272,2638,2624,2818,2992,3137,3422,3443,3606,3812,3933
277,0.8251526735541692,0.8341856637483187,31.727676353262048,30.32969470435492,5.1,0.001,213,395,475,580,821,1042,1203,1309,1418,1591,1880,2020,2229,2272,2638,2624,2817,2992,3137,3422,3443,3606,3812,3933
278,0.8252998727600388,0.8332804511375812,31.714318117103076,30.412368707651765,5.12,0.001,213,395,475,580,821,1042,1203,1309,1418,1592,1881,2020,2229,2271,2638,2624,2817,2992,3137,3422,3443,3606,3812,3932
279,0.8254796507599951,0.8343835750746945,31.697994864312296,30.311586849970116,5.14,0.001,214,395,475,580,822,1042,1203,1310,1418,1592,1880,2020,2229,2270,2638,2624,2817,2992,3137,3422,3443,3606,3812,3932
280,0.8256700548193021,0.8338569583465542,31.68069992987647,30.35974189980304,5.16,0.001,214,395,475,580,822,1042,1204,1310,1418,1593,1880,2020,2229,2270,2638,2623,2816,2992,3137,3422,3443,3606,3812,3932
281,0.8258437789034829,0.8344550438044686,31.664912553356572,30.305047005794883,5.17,0.001,214,395,475,580,823,1042,1204,1310,1418,1593,1880,2020,2229,2269,2638,2623,2816,2992,3137,3422,3443,3606,3812,3932
282,0.8259899110442123,0.8345038726383621,31.65162231722886,30.30057654508976,5.19,0.001,214,395,475,580,823,1043,1204,1311,1418,1593,1880,2020,2229,2269,2638,2623,2815,2992,3137,3422,3443,3606,3812,3931
283,0.8261105847916299,0.8343827853499053,31.640647183634197,30.311660345973916,5.21,0.001,214,395,475,581,823,1043,1205,1311,1418,1594,1880,2020,2229,2268,2638,2623,2815,2992,3137,3422,3443,3606,3812,3931
284,0.8262118445763511,0.8349604016568104,31.63143095587688,30.258755512351296,5.23,0.001,214,396,475,581,824,1043,1205,1312,1418,1594,1880,2020,2229,2267,2638,2622,2815,2992,3138,3422,3443,3606,3812,3931
285,0.8263027436389629,0.8342389127220119,31.62315875939459,30.324822318239764,5.25,0.001,215,396,476,581,824,1043,1205,1312,1418,1594,1880,2020,2229,2267,2638,2622,2814,2992,3138,3422,3443,3606,3812,3931
286,0.8263777239963753,0.8352965111986117,31.616334232988354,30.227928495562054,5.26,0.001,215,396,476,581,824,1044,1206,1312,1418,1595,1880,2020,2229,2266,2638,2622,2814,2992,3138,3422,3443,3606,3812,3930
287,0.8264395362624076,0.834095214164317,31.610704410069403,30.33796550329152,5.28,0.001,215,396,476,581,825,1044,1206,1313,1418,1595,1880,2020,2229,2265,2638,2621,2813,2991,3138,3422,3443,3606,3812,3930
288,0.8264825966978422,0.8355968529533598,31.60678263436653,30.200355335696692,5.3,0.001,215,396,476,581,825,1044,1206,1313,1418,1596,1880,2020,2021,2229,2265,2639,2621,2813,2992,3138,3422,3443,3606,3812,3930
289,0.8265551123536025,0.8339670209962604,31.600177658161098,30.349683218847193,5.32,0.001,215,396,476,581,826,1044,1207,1313,1418,1596,1880,2020,2021,2229,2264,2639,2621,2813,2991,3138,3422,3443,3606,3812,3930
290,0.8266662704747276,0.8358103023396684,31.590049277880308,30.1807431701206,5.34,0.001,215,396,476,581,826,1045,1207,1314,1418,1596,1880,2020,2021,2229,2263,2639,2620,2812,2991,3138,3422,3443,3606,3812,3930
291,0.8268720858059874,0.8343008973762583,31.57128783911598,30.319152982853204,5.35,0.001,216,396,476,581,826,1045,1207,1314,1418,1597,1880,2020,2229,2262,2639,2620,2812,2991,3138,3422,3443,3606,3812,3929
292,0.8271272540484343,0.8359284440035777,31.54801454417833,30.16988337387085,5.37,0.001,216,396,476,582,827,1045,1208,1315,1418,1597,1880,2020,2228,2262,2639,2620,2811,2991,3138,3422,3442,3606,3812,3929
293,0.8273803745350523,0.835223321464797,31.524910901130532,30.234644499767874,5.39,0.001,216,397,477,582,827,1045,1208,1315,1418,1598,1880,2020,2228,2261,2639,2619,2811,2991,3138,3422,3442,3606,3812,3929
294,0.8275557986588412,0.8357415066356001,31.508886627798155,30.187065295136136,5.41,0.001,216,397,477,582,827,1045,1209,1315,1418,1598,1880,2020,2228,2260,2639,2619,2811,2991,3138,3422,3442,3606,3812,3929
295,0.827648961039168,0.8360438685022817,31.50037492801425,30.15926960270673,5.42,0.001,216,397,477,582,828,1046,1209,1316,1418,1598,1880,2020,2228,2259,2639,2619,2810,2991,3139,3422,3442,3606,3812,3928
296,0.8276864345628527,0.8353870200724649,31.496951001061696,30.219621521494005,5.44,0.001,216,397,477,582,828,1046,1209,1316,1418,1599,1880,2020,2228,2258,2639,2618,2810,2991,3139,3422,3442,3606,3812,3928
297,0.8276933907369179,0.8365092167716439,31.496314423526208,30.116439679431625,5.46,0.001,217,397,477,582,829,1046,1210,1317,1418,1599,1880,2020,2228,2258,2639,2618,2809,2991,3139,3422,3442,3606,3812,3928
298,0.8277179804003615,0.8350790795183085,31.49406837443263,30.24787428772113,5.48,0.001,217,397,477,582,829,1046,1210,1317,1418,1600,1881,2020,2228,2257,2638,2618,2809,2991,3139,3422,3442,3606,3812,3928
299,0.827776191640322,0.836752201530204,31.48874620710251,30.094052195393402,5.5,0.001,217,397,477,583,829,1046,1210,1317,1418,1600,1880,2020,2228,2256,2639,2617,2809,2991,3139,3422,3442,3606,3812,3927
300,0.8279284608037812,0.8352167792050083,31.474822139464703,30.23524304309459,5.52,0.001,217,397,477,583,830,1047,1211,1318,1418,1600,1881,2020,2228,2255,2638,2617,2808,2991,3139,3422,3442,3606,3812,3927
301,0.8281484366749563,0.8369022750854103,31.45469677518367,30.080215024788302,5.53,0.001,217,397,477,583,830,1047,1211,1318,1418,1601,1880,2020,2228,2254,2638,2617,2808,2991,3139,3422,3442,3606,3812,3927
302,0.8284009556729625,0.8360526638662896,31.431579881819296,30.15846109931517,5.55,0.001,218,398,478,583,831,1047,1212,1319,1418,1601,1881,2020,2228,2253,2638,2616,2807,2990,3139,3422,3442,3606,3812,3927
303,0.8285999543708193,0.8368265828085282,31.413349438562243,30.087195263893513,5.57,0.001,218,398,478,583,831,1047,1212,1319,1418,1602,1880,2020,2228,2252,2638,2616,2807,2990,3140,3422,3442,3606,3812,3926
304,0.8287192145057974,0.83686858483731,31.40241833746895,30.083321385544142,5.59,0.001,218,398,478,583,831,1048,1212,1320,1418,1602,1880,2020,2228,2251,2638,2616,2807,2990,3140,3422,3442,3606,3812,3926
305,0.8287753370580293,0.8364169518821356,31.397274059372972,30.124935165905338,5.61,0.001,218,398,478,583,832,1048,1213,1320,1418,1602,1880,2020,2228,2251,2638,2615,2806,2990,3140,3422,3442,3606,3812,3926
306,0.8287959974752973,0.8373124483497841,31.395378637702198,30.042366121978993,5.62,0.001,218,398,478,583,832,1048,1213,1320,1418,1603,1880,2020,2228,2250,2638,2615,2806,2990,3140,3422,3442,3607,3812,3926
307,0.8288306387611909,0.8361707026003486,31.3922028209111,30.14760137477514,5.64,0.001,218,398,478,584,832,1048,1214,1321,1419,1603,1880,2020,2228,2249,2638,2615,2805,2990,3140,3422,3442,3607,3812,3925
308,0.8288894670256085,0.8376429597095397,31.386805042274034,30.01183441707829,5.66,0.001,219,398,478,584,833,1049,1214,1321,1419,1604,1880,2020,2228,2248,2638,2614,2805,2990,3140,3422,3442,3607,3812,3925
309,0.8290085141391252,0.8363338578994934,31.375885118864574,30.13258665166853,5.68,0.001,219,398,478,584,833,1049,1214,1322,1419,1604,1880,2020,2228,2247,2638,2614,2805,2990,3140,3422,3441,3607,3812,3925
310,0.8291706544251305,0.8378549729627743,31.361006940907625,29.99223328825627,5.69,0.001,219,398,479,584,834,1049,1215,1322,1419,1604,1880,2020,2228,2246,2638,2614,2804,2990,3141,3422,3441,3607,3812,3925
311,0.8293669331093285,0.8368638872986871,31.342984708379124,30.08375353180683,5.71,0.001,219,399,479,584,834,1049,1215,1322,1419,1605,1880,2020,2228,2245,2638,2613,2804,2990,3141,3422,3441,3607,3812,3924
312,0.8295551938690501,0.837874731284663,31.325690561584693,29.990405773789764,5.73,0.001,219,399,479,584,834,1049,1216,1323,1420,1605,1880,2020,2228,2244,2638,2613,2803,2990,3141,3422,3441,3607,3812,3924
313,0.8297128861604413,0.8375366614796561,31.31119594028528,30.021658644934472,5.75,0.001,219,399,479,584,835,1050,1216,1323,1420,1606,1880,2020,2228,2243,2638,2613,2803,2990,3141,3422,3441,3607,3812,3924
314,0.8298275322081272,0.8377279158176618,31.30065523381909,30.003981262518522,5.77,0.001,220,399,479,585,835,1050,1216,1324,1420,1606,1881,2020,2228,2242,2638,2612,2803,2990,3141,3422,3441,3607,3812,3924
315,0.829906444206861,0.8380925545085284,31.29339662553877,29.970251974549175,5.78,0.001,220,399,479,585,836,1050,1217,1324,1420,1606,1880,2020,2228,2242,2638,2612,2802,2990,3141,3422,3440,3607,3812,3923
316,0.8299607780978397,0.8375451783078682,31.28839730878435,30.02087184913242,5.8,0.001,220,399,479,585,836,1050,1217,1325,1421,1607,1881,2020,2228,2241,2638,2612,2802,2990,3142,3422,3440,3607,3812,3923
317,0.8299987992006946,0.838475108308056,31.284898482284948,29.934824017602704,5.83,0.001,220,399,480,585,836,1050,1218,1325,1421,1607,1880,2020,2228,2240,2638,2611,2801,2990,3142,3422,3440,3607,3812,3923
318,0.8300303613422757,0.8373533594606055,31.281994363958297,30.038590088938097,5.85,0.001,220,399,480,585,837,1051,1218,1325,1421,1608,1881,2020,2228,2239,2638,2611,2801,2990,3142,3422,3440,3607,3812,3923
319,0.8300551747516816,0.8387213410821082,31.27971146160229,29.911998614816973,5.87,0.001,220,399,480,585,837,1051,1219,1326,1421,1608,1880,2020,2228,2238,2638,2611,2801,2990,3142,3422,3440,3607,3812,3922
320,0.8301088369044056,0.837220242410034,31.274773383596443,30.050879502715368,5.89,0.001,221,399,480,585,838,1051,1219,1326,1422,1609,1880,2020,2228,2237,2638,2610,2800,2989,3142,3422,3440,3607,3812,3922
321,0.8301920953881762,0.838923206717695,31.267109574012135,29.893274312478614,5.91,0.001,221,400,480,586,838,1051,1220,1327,1422,1609,1880,2020,2228,2236,2638,2610,2800,2990,3142,3421,3440,3607,3812,3922
322,0.8303657465332179,0.8375143768160804,31.25111716753099,30.02371702478517,5.94,0.001,221,400,480,586,839,1051,1220,1327,1422,1610,1880,2020,2228,2235,2638,2610,2799,2989,3142,3421,3440,3607,3812,3921
323,0.8305765461421231,0.8390689468847109,31.231693856912003,29.879745553400173,5.96,0.001,221,400,480,586,839,1052,1221,1328,1422,1610,1880,2020,2228,2234,2638,2609,2799,2989,3142,3421,3440,3608,3812,3921
324,0.8307986126918778,0.8382770747689084,31.21121910073213,29.9531698291266,5.98,0.001,221,400,480,586,839,1052,1221,1328,1423,1610,1880,2020,2228,2233,2638,2609,2799,2989,3143,3421,3440,3608,3812,3921
325,0.8309734810372333,0.8389376285945457,31.19508553949494,29.891934882106472,6.0,0.001,221,400,481,586,840,1052,1222,1328,1423,1611,1880,2020,2228,2232,2638,2608,2798,2989,3143,3421,3439,3608,3812,3921
326,0.8310877020324655,0.8389324856183028,31.184545709586363,29.892410631779203,6.02,0.001,222,400,481,586,840,1052,1222,1329,1423,1611,1880,2020,2228,2231,2638,2608,2798,2989,3143,3421,3439,3608,3812,3920
327,0.8311543755770381,0.8386293847925929,31.178388652162774,29.920526650429508,6.04,0.001,222,400,481,587,841,1052,1223,1329,1423,1612,1880,2019,2020,2228,2230,2638,2608,2797,2989,3143,3421,3439,3608,3812,3920
328,0.8311947264976136,0.8393961830365178,31.174664074786456,29.8493532043619,6.06,0.001,222,400,481,587,841,1052,1223,1330,1423,1612,1880,2019,2020,2228,2229,2638,2607,2797,2989,3143,3421,3439,3608,3812,3920
329,0.8312337728960181,0.8384794765483096,31.171056536874076,29.934419286296713,6.09,0.001,222,400,481,587,841,1053,1223,1330,1424,1613,1880,2019,2020,2228,2638,2607,2797,2989,3143,3421,3439,3608,3812,3920
330,0.8312759252883045,0.8397006812222184,31.167164626877856,29.82104318596549,6.11,0.001,222,400,481,587,842,1053,1224,1330,1424,1613,1880,2019,2020,2228,2227,2638,2606,2796,2989,3144,3421,3439,3608,3812,3919
331,0.8313572888966142,0.8384448513539711,31.159649662501725,29.93762844113888,6.13,0.001,222,401,481,587,842,1053,1224,1331,1424,1614,1881,2019,2228,2226,2638,2606,2796,2989,3144,3421,3439,3608,3812,3919
332,0.8314535045811549,0.8398260447121737,31.150758433408367,29.809379750235497,6.15,0.001,223,401,481,587,843,1053,1225,1331,1424,1614,1880,2020,2019,2228,2225,2638,2606,2795,2989,3144,3421,3439,3608,3812,3919
333,0.8315885213344133,0.8386494359892978,31.138279789701272,29.918666195438302,6.17,0.001,223,401,482,587,843,1053,1225,1332,1425,1615,1881,2019,2228,2224,2638,2605,2795,2989,3144,3421,3439,3608,3812,3919
334,0.8317265870213677,0.8399289445186652,31.125511808668506,29.79980403144457,6.2,0.001,223,401,482,588,843,1054,1226,1332,1425,1615,1880,2020,2019,2228,2224,2638,2605,2794,2989,3144,3421,3438,3608,3812,3918
335,0.8318841923039099,0.8391154584064199,31.110932752309918,29.875429030653684,6.22,0.001,223,401,482,588,844,1054,1226,1333,1425,1616,1880,2020,2019,2228,2223,2638,2604,2794,2989,3145,3421,3438,3608,3812,3918
336,0.8320275932370357,0.8400028774108923,31.097661892742234,29.79292035077031,6.24,0.001,223,401,482,588,844,1054,1227,1333,1425,1616,1880,2020,2019,2228,2222,2638,2604,2794,2989,3145,3421,3438,3609,3812,3918
337,0.8321575947181097,0.8395871923445027,31.085624330855293,29.831596224486233,6.26,0.001,223,401,482,588,845,1054,1227,1334,1425,1616,1880,2020,2019,2228,2221,2638,2604,2793,2989,3145,3421,3438,3609,3812,3917
338,0.8322706653656635,0.8399630506651339,31.07515343699549,29.796628169861247,6.28,0.001,224,401,482,588,845,1055,1228,1334,1426,1617,1880,2020,2019,2228,2220,2638,2603,2793,2989,3145,3421,3438,3609,3812,3917
339,0.8323708513765123,0.839954130139652,31.065871610277572,29.797458780988144,6.3,0.001,224,401,482,588,846,1055,1228,1334,1426,1617,1880,2019,2020,2228,2219,2638,2603,2792,2989,3145,3421,3438,3609,3812,3917
340,0.8324602642681032,0.8399483156699166,31.05758536007649,29.79800056047962,6.31,0.001,224,402,482,589,846,1055,1229,1335,1426,1618,1880,2019,2020,2228,2218,2638,2602,2792,2989,3145,3421,3438,3609,3812,3917
341,0.8325398562061093,0.8403309635788911,31.050208010260878,29.76235730915238,6.33,0.001,224,402,483,589,846,1055,1229,1335,1426,1618,1880,2019,2020,2228,2218,2638,2602,2792,2989,3146,3421,3437,3609,3812,3916
342,0.832607514425311,0.8399429306877526,31.043934852290892,29.79850136489669,6.35,0.001,224,402,483,589,847,1055,1230,1336,1426,1619,1881,2019,2020,2228,2217,2638,2601,2791,2989,3146,3421,3437,3609,3812,3916
343,0.8326507255140712,0.8406638972347054,31.039926719972293,29.73131224373346,6.37,0.001,225,402,483,589,847,1056,1230,1336,1426,1619,1880,2019,2020,2228,2216,2638,2601,2791,2989,3146,3421,3437,3609,3812,3916
344,0.8326554631683412,0.8396703124515247,31.03948723910249,29.823866494727213,6.39,0.001,225,402,483,589,848,1056,1231,1337,1427,1620,1880,2019,2020,2228,2215,2638,2600,2790,2989,3146,3421,3437,3609,3812,3915
345,0.8325683332611318,0.8409127442268255,31.047564041485707,29.70808702307021,6.4,0.001,225,402,483,589,848,1056,1231,1337,1427,1620,1880,2019,2020,2228,2214,2638,2600,2790,2989,3146,3421,3437,3609,3812,3915
346,0.8323842629047546,0.8388525050330511,31.0646289118926,29.899832775452108,6.42,0.001,225,402,483,589,849,1056,1232,1338,1427,1621,1880,2019,2020,2228,2213,2638,2600,2790,2989,3146,3421,3437,3609,3812,3915
347,0.8320955852217928,0.8409240987201848,31.091367881427818,29.707025856754935,6.44,0.001,225,402,483,590,849,1057,1232,1338,1427,1621,1880,2020,2228,2213,2638,2599,2789,2989,3146,3421,3437,3609,3812,3915
348,0.8319639237749719,0.8379865063081251,31.103555300700755,29.980065398345324,6.46,0.001,225,402,484,590,849,1057,1233,1338,1427,1622,1880,2019,2228,2212,2638,2599,2789,2989,3147,3421,3437,3609,3812,3914
349,0.8321430738857425,0.8411422398078654,31.086970248615113,29.686649864472436,6.48,0.001,226,402,484,590,850,1057,1233,1339,1427,1622,1880,2020,2228,2211,2638,2598,2788,2989,3147,3421,3437,3609,3812,3914
350,0.8328054788850289,0.8393993631870155,31.025571059535913,29.849056710781287,6.49,0.001,226,402,484,590,850,1057,1234,1339,1428,1623,1880,2020,2019,2228,2211,2638,2598,2788,2989,3147,3421,3436,3609,3812,3914
351,0.8333779940854433,0.8412397809792735,30.972407705286653,29.67753430594376,6.51,0.001,226,403,484,590,851,1057,1234,1340,1428,1623,1880,2020,2019,2228,2210,2638,2597,2788,2989,3147,3421,3436,3609,3812,3914
352,0.8334513087020368,0.8412298102481008,30.965591531354907,29.678467992845313,6.53,0.001,226,403,484,590,851,1058,1235,1340,1428,1624,1880,2019,2228,2209,2638,2597,2787,2989,3148,3421,3436,3609,3812,3913
353,0.8331525295189758,0.8396201501536018,30.99335433113545,29.828532196670565,6.55,0.001,226,403,484,591,851,1058,1236,1341,1428,1624,1880,2019,2228,2209,2638,2596,2787,2989,3148,3421,3436,3609,3812,3913
354,0.8328749539214428,0.8414923018038452,31.019125668312487,29.653923240849917,6.57,0.001,226,403,484,591,852,1058,1236,1341,1428,1625,1880,2019,2228,2208,2638,2596,2786,2989,3148,3421,3436,3609,3812,3913
355,0.8330204100329284,0.8393980362559309,31.00562456850067,29.84918042052987,6.59,0.001,227,403,484,591,852,1058,1237,1342,1429,1625,1881,2019,2228,2207,2638,2595,2786,2989,3148,3421,3436,3610,3812,3912
356,0.8334863295141527,0.8419597122991282,30.96233516275006,29.6101696380837,6.61,0.001,227,403,485,591,853,1058,1237,1342,1429,1626,1880,2019,2228,2206,2637,2595,2785,2989,3148,3421,3436,3610,3812,3912
357,0.8338950949363726,0.8413149035551187,30.9243066881155,29.670513232311134,6.62,0.001,227,403,485,591,853,1059,1238,1343,1429,1626,1881,2019,2228,2205,2637,2594,2785,2989,3149,3421,3436,3610,3812,3912
358,0.8339245283949722,0.8409965635446656,30.921568064734867,29.70025938800609,6.64,0.001,227,403,485,591,854,1059,1238,1343,1429,1627,1881,2020,2019,2228,2204,2637,2594,2785,2989,3149,3421,3436,3610,3812,3912
359,0.8337270482548199,0.8418840990335051,30.939948214368627,29.617251384789977,6.66,0.001,227,403,485,592,854,1059,1239,1344,1429,1627,1881,2020,2228,2203,2637,2593,2784,2989,3149,3421,3436,3610,3812,3911
360,0.8336779386223914,0.8400435036115749,30.944516644335593,29.789136260726934,6.68,0.001,227,403,485,592,854,1059,1240,1344,1430,1628,1881,2020,2019,2228,2202,2636,2593,2784,2989,3149,3421,3436,3610,3812,3911
361,0.8339013884901959,0.8421607934853318,30.923722468812272,29.591326540817878,6.69,0.001,228,403,485,592,855,1060,1240,1344,1430,1629,1880,2020,2228,2202,2636,2592,2783,2989,3149,3421,3436,3610,3812,3911
362,0.834248940628419,0.8414280417579602,30.89135309112861,29.65993374776611,6.71,0.001,228,404,485,592,855,1060,1241,1345,1430,1629,1881,2020,2228,2201,2636,2592,2783,2989,3150,3421,3436,3610,3812,3910
363,0.8344242849090889,0.8419717153415301,30.87500988423425,29.609045182859663,6.73,0.001,228,404,485,592,856,1060,1241,1345,1430,1630,1880,2020,2019,2228,2200,2635,2591,2783,2988,3150,3421,3436,3610,3812,3910
364,0.8343836181682965,0.8423686893007075,30.878800254799106,29.571831615536706,6.75,0.001,228,404,486,592,856,1060,1242,1346,1430,1630,1880,2020,2019,2228,2199,2635,2591,2782,2988,3150,3421,3436,3610,3812,3910
365,0.8343235912545107,0.8409681858842459,30.884394525315088,29.702909241062777,6.77,0.001,228,404,486,593,857,1061,1242,1346,1430,1631,1880,2019,2228,2198,2635,2590,2782,2988,3150,3421,3436,3610,3812,3909
366,0.8344191808677384,0.8423501564338198,30.875485312165033,29.573570452955753,6.79,0.001,229,404,486,593,857,1061,1243,1347,1430,1631,1880,2019,2228,2198,2634,2589,2781,2988,3150,3421,3435,3610,3812,3909
367,0.8346551567528966,0.8415341278840822,30.853475504124226,29.650011280694525,6.8,0.001,229,404,486,593,858,1061,1244,1347,1431,1632,1880,2019,2227,2197,2634,2589,2781,2988,3151,3421,3435,3610,3812,3909
368,0.834827053953776,0.8422984274928358,30.837433853356803,29.578423177643888,6.82,0.001,229,404,486,593,858,1062,1244,1348,1431,1632,1880,2019,2020,2227,2196,2633,2588,2780,2988,3151,3421,3435,3610,3812,3909
369,0.834862466970523,0.8426369423885245,30.834127330007654,29.546659132936988,6.84,0.001,229,404,486,593,858,1062,1245,1348,1431,1633,1880,2019,2020,2227,2196,2633,2588,2780,2988,3151,3421,3435,3610,3812,3908
370,0.8348512224124229,0.8418695062213387,30.83517741969237,29.618619722690383,6.86,0.001,229,404,486,593,859,1062,1245,1349,1431,1633,1880,2019,2227,2195,2632,2587,2780,2988,3151,3421,3435,3610,3812,3908
371,0.8348874871560239,0.8428484716806715,30.83179245956244,29.526794678798208,6.88,0.001,229,404,487,594,859,1062,1246,1349,1431,1634,1880,2020,2019,2227,2194,2632,2587,2779,2988,3151,3421,3435,3610,3812,3908
372,0.8350096768296263,0.8418356615546718,30.820380822167618,29.621787882955555,6.89,0.001,230,405,487,594,860,1063,1246,1350,1431,1635,1880,2020,2019,2227,2193,2632,2586,2779,2988,3151,3421,3435,3610,3812,3907
373,0.835162267345265,0.842744813954423,30.806125933319354,29.536530199245433,6.91,0.001,230,405,487,594,860,1063,1247,1350,1431,1635,1880,2020,2019,2227,2192,2631,2586,2778,2988,3152,3421,3435,3610,3812,3907
374,0.8352886381126488,0.8424966173339155,30.794314327841025,29.55982930094119,6.93,0.001,230,405,487,594,861,1063,1248,1351,1432,1636,1880,2020,2019,2227,2191,2631,2585,2778,2988,3152,3421,3435,3610,3812,3907
375,0.8353584990511593,0.8425619147168635,30.78778384810027,29.553702402297986,6.95,0.001,230,405,487,594,861,1063,1248,1351,1432,1636,1880,2020,2019,2227,2190,2630,2585,2778,2988,3152,3421,3435,3610,3812,3907
376,0.8353864095745407,0.8430968037186882,30.785173845715693,29.503455008216836,6.96,0.001,230,405,487,595,861,1064,1249,1351,1432,1637,1880,2020,2019,2227,2190,2630,2584,2777,2988,3152,3421,3435,3610,3812,3906
377,0.8354158929478004,0.8423612917905757,30.782415904315407,29.572526130816293,6.98,0.001,230,405,487,595,862,1064,1249,1352,1432,1637,1880,2019,2227,2189,2630,2583,2777,2988,3152,3421,3435,3610,3812,3906
378,0.8354710222172503,0.8432690783079988,30.777260210969885,29.487254347350017,7.0,0.001,231,405,488,595,862,1064,1250,1352,1432,1638,1880,2019,2227,2188,2629,2583,2776,2988,3152,3421,3435,3610,3812,3906
379,0.8355678984337934,0.8424192844418839,30.76819897022076,29.56708618462798,7.02,0.001,231,405,488,595,863,1064,1250,1353,1432,1639,1880,2019,2227,2187,2629,2582,2776,2988,3152,3421,3435,3610,3812,3905
380,0.8356826025760438,0.843279798262491,30.757465231720065,29.486245262290836,7.04,0.001,231,405,488,595,863,1064,1251,1353,1433,1639,1880,2019,2020,2227,2186,2629,2582,2775,2988,3153,3421,3435,3610,3812,3905
381,0.8357989644847379,0.842884302609804,30.746572908300994,29.5234271632689,7.05,0.001,231,405,488,595,864,1065,1252,1354,1433,1640,1880,2020,2227,2185,2628,2581,2775,2987,3153,3421,3435,3610,3812,3905
382,0.8358925843687923,0.8432440299339523,30.73780543736766,29.489608744874545,7.07,0.001,231,405,488,596,864,1065,1252,1354,1433,1640,1880,2020,2227,2185,2628,2581,2775,2987,3153,3421,3435,3610,3812,3904
383,0.8359682446802055,0.8433539358556337,30.73071875494149,29.479269728912893,7.09,0.001,232,406,488,596,865,1065,1253,1355,1433,1641,1880,2020,2227,2184,2628,2580,2774,2987,3153,3421,3435,3610,3812,3904
384,0.8360272029301854,0.8430995306623833,30.725196821608197,29.50319848259041,7.11,0.001,232,406,488,596,865,1065,1253,1355,1434,1641,1880,2020,2019,2227,2183,2627,2580,2774,2987,3153,3421,3435,3610,3812,3904
385,0.8360764586534004,0.8436171344452729,30.7205818693368,29.454493709908363,7.13,0.001,232,406,489,596,865,1066,1254,1356,1434,1642,1880,2020,2019,2227,2182,2627,2579,2773,2987,3153,3421,3435,3610,3812,3904
386,0.8361258473557296,0.8429931418523867,30.715953307648718,29.513199261755112,7.14,0.001,232,406,489,596,866,1066,1255,1356,1434,1643,1880,2019,2226,2182,2627,2578,2773,2987,3153,3421,3435,3610,3812,3903
387,0.8361755823168997,0.8438183392817938,30.711291256548158,29.435539552886258,7.16,0.001,232,406,489,597,866,1066,1255,1357,1434,1643,1880,2019,2226,2181,2626,2578,2772,2987,3153,3421,3435,3610,3812,3903
388,0.8362367070015277,0.8430129828337543,30.705563079088883,29.51133587814181,7.18,0.001,232,406,489,597,867,1066,1256,1357,1434,1644,1880,2019,2226,2180,2626,2577,2772,2987,3154,3421,3435,3610,3812,3903
389,0.8363008951397845,0.8440047287594152,30.69954257089998,29.417970565412904,7.2,0.001,233,406,489,597,867,1066,1257,1358,1434,1644,1880,2019,2226,2179,2625,2577,2772,2987,3154,3421,3435,3610,3812,3902
390,0.8363853570111499,0.8431302464904451,30.69162376028627,29.500311381102932,7.21,0.001,233,406,489,597,868,1067,1257,1358,1435,1645,1880,2019,2226,2179,2625,2576,2771,2987,3154,3421,3435,3610,3812,3902
391,0.8364729551004983,0.844080723365293,30.6834065179679,29.410804517443605,7.23,0.001,233,406,490,597,868,1067,1258,1359,1435,1645,1880,2019,2020,2226,2178,2625,2576,2771,2987,3154,3421,3435,3610,3812,3902
392,0.8365691093700844,0.843315513465961,30.674383215388882,29.482884501276754,7.25,0.001,233,406,490,597,869,1067,1259,1359,1435,1646,1880,2019,2020,2226,2177,2624,2575,2770,2987,3154,3421,3435,3610,3812,3902
393,0.8366565575335337,0.8441617764018859,30.666175285493708,29.403159292279927,7.27,0.001,233,406,490,598,869,1067,1259,1360,1435,1647,1880,2020,2226,2177,2624,2575,2770,2987,3155,3421,3435,3610,3812,3901
394,0.8367437188038636,0.8435503324828393,30.657993029895053,29.460784191460032,7.29,0.001,234,407,490,598,870,1068,1260,1360,1436,1647,1880,2019,2226,2176,2624,2574,2769,2987,3155,3421,3435,3610,3812,3901
395,0.8368222545559759,0.8442929661599863,30.650618071803933,29.390779712843724,7.3,0.001,234,407,490,598,870,1068,1260,1361,1436,1648,1880,2020,2019,2226,2175,2623,2573,2769,2987,3155,3421,3435,3610,3812,3901
396,0.8368977198710631,0.8437278207463268,30.643529152273732,29.444068775139694,7.32,0.001,234,407,490,598,870,1068,1261,1361,1436,1648,1880,2019,2226,2174,2623,2573,2769,2987,3155,3421,3435,3610,3812,3901
397,0.8369688762057824,0.8444088239387247,30.63684401072506,29.3798429352241,7.34,0.001,234,407,490,598,871,1068,1262,1362,1436,1649,1880,2019,2226,2174,2623,2572,2768,2987,3155,3421,3435,3610,3812,3900
398,0.83703352549398,0.8437828164174658,30.63076914729187,29.438887059280322,7.36,0.001,234,407,491,599,871,1069,1262,1362,1436,1650,1880,2019,2226,2173,2622,2572,2768,2987,3155,3421,3435,3610,3812,3900
399,0.837086199895978,0.8445622662668315,30.625819105755156,29.365352263751557,7.37,0.001,234,407,491,599,872,1069,1263,1363,1436,1650,1880,2020,2019,2226,2172,2622,2571,2767,2987,3155,3421,3435,3610,3812,3900
400,0.8371249448419307,0.8438012346745298,30.622176807051844,29.43715166991365,7.39,0.001,235,407,491,599,872,1069,1264,1363,1437,1651,1880,2019,2226,2171,2622,2570,2767,2987,3156,3421,3435,3610,3812,3899
401,0.8371336477022977,0.844829476071682,30.62135860047791,29.34010144383238,7.41,0.001,235,407,491,599,873,1069,1264,1364,1437,1651,1880,2019,2226,2170,2621,2570,2767,2987,3156,3421,3435,3610,3812,3899
402,0.8371053597210973,0.8435456008377165,30.62401744278398,29.461229612712515,7.43,0.001,235,407,491,599,873,1070,1265,1364,1437,1652,1880,2019,2226,2169,2621,2569,2766,2987,3156,3421,3435,3611,3812,3899
403,0.83698753414694,0.8449565801174012,30.635090812049178,29.32808129658438,7.45,0.001,235,407,491,600,874,1070,1266,1365,1437,1653,1880,2019,2226,2169,2621,2569,2766,2987,3156,3421,3435,3611,3812,3899
404,0.8368102510790583,0.8427332984472504,30.651745137601363,29.537610922083307,7.46,0.001,235,407,492,600,874,1070,1266,1365,1437,1653,1880,2019,2226,2168,2620,2568,2765,2987,3156,3421,3435,3611,3812,3898
405,0.8365355260856195,0.8448931265326047,30.677534858908256,29.334081582438476,7.48,0.001,236,408,492,600,874,1070,1267,1366,1438,1654,1880,2019,2226,2167,2620,2567,2765,2987,3156,3421,3435,3611,3812,3898
406,0.8364417645252231,0.8420093550715033,30.686331483926296,29.605519001887025,7.5,0.001,236,408,492,600,875,1071,1268,1366,1438,1654,1880,2019,2226,2166,2620,2567,2764,2986,3156,3421,3435,3611,3812,3898
407,0.8365297273234413,0.8450601746271382,30.678079001951865,29.318282803448238,7.52,0.001,236,408,492,600,875,1071,1268,1367,1438,1655,1880,2020,2019,2226,2165,2619,2566,2764,2987,3156,3421,3435,3611,3812,3898
408,0.8370565279416967,0.8430407632804335,30.628608086244814,29.50872363400038,7.54,0.001,236,408,492,601,876,1071,1269,1367,1438,1656,1880,2019,2226,2163,2619,2566,2764,2986,3156,3421,3435,3611,3812,3897
409,0.837592436008829,0.845336662768338,30.57819985140302,29.292111071005,7.55,0.001,236,408,492,601,876,1071,1270,1368,1438,1656,1880,2019,2225,2162,2618,2565,2763,2986,3156,3421,3435,3611,3812,3897
410,0.8379024427328561,0.844835895438222,30.549000885104654,29.33949400046165,7.57,0.001,236,408,493,601,877,1071,1270,1369,1439,1657,1880,2019,2225,2161,2618,2564,2763,2986,3157,3421,3435,3611,3812,3897
411,0.8378655427490206,0.8444124746093383,30.55247810664515,29.379498076491412,7.59,0.001,237,408,493,601,877,1072,1271,1369,1439,1657,1880,2019,2225,2160,2617,2564,2762,2986,3157,3421,3435,3611,3812,3897
412,0.8376107106473142,0.845427499284648,30.57647822277465,29.283508409104495,7.61,0.001,237,408,493,601,878,1072,1272,1370,1439,1658,1880,2020,2019,2225,2159,2617,2563,2762,2986,3157,3421,3435,3611,3812,3896
413,0.8374018248492294,0.8433087872249441,30.596135951395073,29.483517972440975,7.63,0.001,237,408,493,601,878,1072,1273,1370,1439,1659,1880,2019,2225,2158,2617,2562,2761,2986,3157,3421,3435,3611,3812,3896
414,0.8373489314297176,0.8456198452734047,30.601113731710708,29.265282966501026,7.65,0.001,237,408,493,602,879,1072,1274,1370,1439,1659,1880,2020,2225,2157,2616,2562,2761,2986,3157,3421,3435,3611,3812,3896
415,0.8376465496801859,0.8437487783778016,30.573102551252056,29.442093217489543,7.66,0.001,237,408,493,602,879,1073,1274,1371,1440,1660,1880,2019,2225,2155,2616,2561,2761,2986,3157,3421,3435,3611,3812,3896
416,0.8380611886769131,0.8457427818775662,30.534038623287906,29.253627454356515,7.68,0.001,238,408,494,602,879,1073,1275,1372,1440,1661,1880,2019,2225,2154,2615,2560,2760,2986,3157,3421,3435,3611,3812,3895
417,0.8383416818754591,0.8451690124499268,30.50758342583652,29.307983310732716,7.7,0.001,238,409,494,602,880,1073,1276,1372,1440,1661,1880,2019,2225,2153,2615,2560,2760,2986,3157,3421,3435,3611,3812,3895
418,0.8383332012884708,0.8448099069527012,30.508381676828787,29.341949700165312,7.72,0.001,238,409,494,602,880,1073,1277,1373,1440,1662,1880,2019,2225,2152,2614,2559,2759,2986,3158,3421,3435,3611,3812,3895
419,0.8381578613656901,0.8457844325147754,30.524922178826884,29.249677607397977,7.74,0.001,238,409,494,603,881,1074,1277,1373,1441,1662,1880,2019,2225,2151,2614,2558,2759,2987,3158,3421,3435,3611,3812,3895
420,0.8380545329579911,0.8441108999985388,30.534665278849975,29.407956080954946,7.75,0.001,238,409,494,603,881,1074,1278,1374,1441,1663,1880,2019,2225,2151,2613,2558,2758,2987,3158,3421,3435,3611,3812,3894
421,0.8381214189139468,0.8461121888594074,30.5283591581766,29.218579753848942,7.77,0.001,238,409,495,603,882,1074,1279,1374,1441,1664,1880,2019,2225,2150,2613,2557,2758,2987,3158,3421,3435,3611,3812,3894
422,0.8383924214527938,0.8447699770515158,30.502795482161343,29.345724898598412,7.79,0.001,239,409,495,603,882,1074,1280,1375,1441,1664,1880,2019,2225,2149,2612,2556,2758,2987,3158,3421,3435,3611,3812,3894
423,0.838668523781595,0.845969013982017,30.476726720270193,29.23216812554814,7.81,0.001,239,409,495,603,883,1075,1280,1375,1442,1665,1880,2019,2225,2148,2612,2556,2757,2987,3158,3421,3435,3611,3812,3894
424,0.8387882122395883,0.8456819423372661,30.465419489446862,29.259395818306704,7.83,0.001,239,409,495,604,883,1075,1281,1376,1442,1665,1880,2019,2225,2147,2611,2555,2757,2987,3158,3421,3435,3611,3812,3893
425,0.8387519024861784,0.8450479399699649,30.468850160091783,29.319439227269722,7.84,0.001,239,409,495,604,884,1075,1282,1376,1442,1666,1880,2020,2019,2225,2146,2611,2554,2756,2987,3158,3421,3435,3611,3812,3893
426,0.8386755506661386,0.8461254592805634,30.476061822982988,29.217320110400163,7.86,0.001,239,409,495,604,884,1075,1282,1377,1442,1667,1880,2020,2019,2224,2145,2610,2553,2756,2987,3159,3421,3435,3611,3812,3893
427,0.8386707897713687,0.844844016654559,30.476511431320965,29.338726357117352,7.88,0.001,240,409,496,604,885,1076,1283,1377,1442,1667,1880,2020,2019,2224,2144,2610,2553,2755,2987,3159,3421,3435,3611,3812,3893
428,0.838764279570813,0.8464802449950297,30.467680269682905,29.183617539894602,7.9,0.001,240,409,496,605,885,1076,1284,1378,1443,1668,1880,2020,2224,2144,2610,2552,2755,2987,3159,3421,3435,3611,3812,3892
429,0.8389566557100591,0.8454582766240858,30.449499126755967,29.280593392451298,7.92,0.001,240,410,496,605,885,1076,1285,1378,1443,1669,1880,2020,2019,2224,2143,2609,2551,2755,2987,3159,3421,3435,3611,3812,3892
430,0.8391312824346643,0.8463158982874031,30.43298582092402,29.19923312081586,7.93,0.001,240,410,496,605,886,1076,1285,1379,1443,1669,1880,2019,2224,2142,2609,2550,2754,2987,3159,3421,3435,3611,3812,3892
431,0.8392360160144303,0.8459909260263689,30.42307774811695,29.23008950250099,7.95,0.001,240,410,496,605,886,1077,1286,1379,1443,1670,1880,2019,2224,2141,2608,2549,2754,2987,3159,3421,3435,3611,3812,3892
432,0.8392712114709464,0.8457432602624568,30.41974725321068,29.253582596437013,7.97,0.001,240,410,496,605,887,1077,1287,1380,1444,1670,1880,2019,2224,2141,2608,2549,2753,2986,3159,3421,3435,3611,3812,3891
433,0.8392749388812902,0.8464200137581164,30.419394119117804,29.189340145419525,7.99,0.001,241,410,497,606,887,1077,1288,1380,1444,1671,1880,2019,2224,2140,2607,2548,2753,2986,3159,3421,3435,3611,3812,3891
434,0.8392908933129306,0.845649202789338,30.417884223990047,29.26249962455948,8.01,0.001,241,410,497,606,888,1078,1289,1381,1444,1672,1880,2019,2224,2139,2607,2547,2752,2986,3159,3421,3435,3611,3812,3891
435,0.8393401002986899,0.846789880736577,30.41322866022387,29.154171197998195,8.02,0.001,241,410,497,606,888,1078,1289,1382,1444,1672,1880,2020,2019,2224,2139,2606,2546,2752,2986,3159,3421,3435,3611,3812,3891
436,0.8394378819523087,0.8459121724481997,30.40397160335821,29.237561833584145,8.04,0.001,241,410,497,606,889,1078,1290,1382,1445,1673,1880,2019,2224,2138,2606,2546,2752,2986,3160,3421,3435,3612,3812,3890
437,0.8395487406507659,0.8467475998691368,30.39347271362307,29.158193639998625,8.06,0.001,241,410,497,606,889,1078,1291,1383,1445,1673,1880,2019,2224,2138,2605,2545,2751,2986,3160,3421,3435,3612,3812,3890
438,0.8396547506983878,0.8462069872335978,30.38343122602196,29.20957722829053,8.08,0.001,242,410,497,607,890,1079,1292,1383,1445,1674,1880,2019,2224,2137,2605,2544,2751,2986,3160,3421,3435,3612,3812,3890
439,0.8397391588824042,0.8465324587444546,30.3754320153177,29.17865313595069,8.1,0.001,242,410,498,607,890,1079,1292,1384,1445,1675,1880,2019,2224,2137,2604,2543,2750,2986,3160,3421,3435,3612,3812,3890
440,0.8398029131101001,0.8466362773439513,30.369390275780255,29.168783521581872,8.11,0.001,242,410,498,607,891,1079,1293,1384,1445,1675,1880,2019,2224,2136,2604,2543,2750,2986,3160,3421,3435,3612,3812,3889
441,0.8398477257195976,0.8464530132003444,30.365142352987373,29.186205555477102,8.13,0.001,242,411,498,607,891,1079,1294,1385,1446,1676,1880,2019,2224,2136,2603,2542,2750,2986,3160,3421,3435,3612,3812,3889
442,0.8398847615303389,0.8469967472141446,30.36163161485901,29.13448221951471,8.15,0.001,242,411,498,607,891,1080,1295,1385,1446,1676,1880,2019,2224,2135,2603,2541,2749,2986,3160,3421,3435,3612,3812,3889
443,0.8399256264952817,0.8463389472312465,30.357756567128977,29.19704449471834,8.17,0.001,243,411,498,608,892,1080,1295,1386,1446,1677,1880,2019,2224,2135,2602,2541,2749,2986,3160,3421,3435,3612,3812,3889
444,0.839969002417191,0.8471053113280411,30.353642745635778,29.12414497135495,8.19,0.001,243,411,499,608,892,1080,1296,1386,1446,1678,1880,2019,2224,2134,2601,2540,2748,2986,3160,3421,3435,3612,3812,3888
445,0.840020476576419,0.8462661863673134,30.348760126419293,29.203954726709316,8.2,0.001,243,411,499,608,893,1080,1297,1387,1446,1678,1880,2019,2224,2134,2601,2539,2748,2986,3161,3421,3435,3612,3812,3888
446,0.8400700332607973,0.8472376133668322,30.344060768555373,29.11154191310714,8.22,0.001,243,411,499,608,893,1081,1297,1387,1447,1679,1880,2020,2019,2224,2134,2600,2538,2747,2986,3161,3421,3435,3612,3812,3888
447,0.8401272233173793,0.8463471214331542,30.338633427078687,29.19626787973882,8.24,0.001,243,411,499,608,894,1081,1298,1388,1447,1679,1880,2020,2019,2224,2133,2600,2538,2747,2986,3161,3421,3435,3612,3812,3888
448,0.8401757610783238,0.8474181998515261,30.33402807537014,29.09432900873897,8.26,0.001,243,411,499,609,894,1081,1299,1388,1447,1680,1880,2020,2019,2224,2133,2599,2537,2747,2986,3161,3421,3435,3612,3812,3887
449,0.8402416655501733,0.8464363858527993,30.32777482409895,29.18778543924935,8.28,0.001,244,411,500,609,895,1082,1300,1389,1447,1681,1880,2019,2224,2133,2599,2536,2746,2986,3161,3421,3435,3612,3812,3887
450,0.8403031193735315,0.8474810297758804,30.32193997661285,29.088338018721632,8.29,0.001,244,411,500,609,895,1082,1301,1389,1447,1681,1880,2019,2224,2132,2598,2536,2746,2986,3161,3421,3435,3612,3812,3887
451,0.840374201817702,0.846488385048686,30.315191971317162,29.182842659070456,8.31,0.001,244,411,500,609,896,1082,1301,1390,1448,1682,1880,2019,2223,2132,2597,2535,2745,2986,3161,3421,3435,3612,3812,3887
452,0.840438854540353,0.8475309162846784,30.30905062526188,29.083580854031176,8.33,0.001,244,411,500,609,896,1082,1302,1391,1448,1682,1880,2019,2223,2132,2597,2534,2745,2986,3162,3421,3435,3612,3812,3886
453,0.8405069344409843,0.8466372379975086,30.302584758835447,29.168692498470215,8.35,0.001,244,411,500,610,897,1083,1303,1391,1448,1683,1880,2019,2223,2131,2596,2534,2744,2986,3162,3421,3435,3612,3812,3886
454,0.8405696780875833,0.847660066833265,30.29662317778274,29.071260440403165,8.37,0.001,245,412,501,610,897,1083,1304,1392,1448,1683,1880,2019,2223,2131,2596,2533,2744,2986,3162,3421,3435,3612,3812,3886
455,0.8406374405879729,0.8468005860981003,30.290183876262827,29.153154771061548,8.38,0.001,245,412,501,610,897,1083,1304,1392,1449,1684,1880,2019,2223,2131,2595,2532,2744,2986,3162,3421,3435,3612,3812,3886
456,0.8406976678389806,0.8477536893411042,30.28446069472449,29.062326738394823,8.4,0.001,245,412,501,610,898,1083,1305,1393,1449,1685,1880,2020,2019,2223,2131,2594,2532,2743,2986,3162,3421,3435,3612,3812,3885
457,0.8407582215537543,0.8468699059307303,30.27870518686307,29.146557078852062,8.42,0.001,245,412,501,611,898,1084,1306,1393,1449,1685,1880,2020,2019,2223,2131,2594,2531,2743,2986,3162,3421,3435,3612,3812,3885
458,0.8408033155651123,0.8478606515470302,30.27441530678947,29.052115080059146,8.44,0.001,245,412,501,611,899,1084,1307,1394,1449,1686,1880,2020,2019,2223,2130,2593,2531,2742,2986,3163,3421,3435,3612,3812,3885
459,0.8408414770143162,0.8468728406322883,30.270787182374775,29.14627751813364,8.46,0.001,246,412,501,611,899,1084,1307,1395,1449,1686,1880,2019,2223,2130,2592,2530,2742,2986,3163,3421,3435,3612,3812,3884
460,0.8408539627153869,0.8480257084992063,30.269600563299786,29.036352064454267,8.47,0.001,246,412,502,611,900,1085,1308,1395,1450,1687,1880,2019,2223,2130,2592,2530,2741,2986,3163,3421,3435,3612,3812,3884
461,0.8408473496929572,0.8466972727667521,30.270228660584355,29.162981538030365,8.49,0.001,246,412,502,611,900,1085,1309,1396,1450,1687,1880,2019,2223,2130,2591,2529,2741,2986,3163,3421,3435,3612,3812,3884
462,0.8407896155237431,0.8481672335340447,30.275718664054864,29.022828686414037,8.51,0.001,246,412,502,612,901,1085,1310,1396,1450,1688,1880,2019,2223,2130,2590,2528,2741,2986,3163,3421,3435,3612,3812,3884
463,0.8406995306354725,0.8462156766171887,30.284283339428928,29.208753930154977,8.53,0.001,246,412,502,612,901,1085,1311,1397,1450,1689,1880,2019,2223,2130,2589,2528,2740,2986,3163,3421,3435,3612,3812,3883
464,0.8404913019272646,0.8482091275363882,30.30406817329255,29.018824288484492,8.55,0.001,246,412,503,612,902,1086,1312,1398,1450,1689,1880,2019,2222,2130,2589,2527,2740,2986,3164,3421,3435,3612,3812,3883
465,0.8403018811661771,0.8453872481682398,30.32205773127203,29.28732031695041,8.56,0.001,247,412,503,612,902,1086,1313,1398,1451,1690,1880,2019,2222,2129,2588,2527,2739,2986,3164,3421,3435,3612,3812,3883
466,0.8400603960303079,0.8481194657203603,30.3449749527465,29.02739395139314,8.58,0.001,247,413,503,613,903,1086,1313,1399,1451,1690,1880,2019,2222,2129,2587,2526,2739,2986,3164,3421,3435,3612,3812,3883
467,0.8400130700218212,0.8446938811441179,30.349464012076268,29.3529172315121,8.6,0.001,247,413,503,613,903,1086,1314,1400,1451,1691,1880,2019,2222,2129,2586,2526,2738,2986,3164,3421,3435,3612,3812,3882
468,0.8399189751880722,0.8481972176201669,30.35838686149235,29.019962148924314,8.62,0.001,247,413,503,613,904,1087,1315,1398,1451,1691,1880,2019,2222,2129,2585,2525,2738,2986,3164,3421,3435,3612,3812,3882
469,0.8403921018209937,0.8454459047026534,30.313491647761502,29.28176485339788,8.64,0.001,247,413,503,613,904,1087,1316,1397,1452,1692,1880,2019,2222,2128,2584,2525,2738,2986,3164,3421,3435,3612,3812,3882
470,0.8410883647879291,0.8485243744946999,30.24730020880996,28.988675767511463,8.66,0.001,248,413,504,613,904,1087,1317,1396,1452,1692,1880,2019,2222,2128,2584,2524,2737,2986,3164,3421,3435,3612,3812,3882
471,0.8416143895805502,0.8476472875037833,30.197198356374365,29.07248022521148,8.67,0.001,248,413,504,614,905,1087,1318,1395,1452,1693,1880,2019,2222,2127,2583,2524,2737,2986,3164,3421,3435,3612,3812,3881
472,0.8416065632230931,0.8473842751354397,30.197943166453822,29.09756369338548,8.69,0.001,248,413,504,614,905,1088,1319,1394,1452,1693,1880,2019,2222,2127,2582,2523,2736,2986,3164,3421,3435,3612,3812,3881
473,0.8412403628924554,0.848499814865045,30.232830629161448,28.991025391018102,8.71,0.001,248,413,504,614,906,1088,1319,1393,1453,1694,1880,2019,2020,2221,2127,2581,2523,2736,2986,3163,3421,3435,3612,3812,3881
474,0.8409488165937598,0.8460422754002295,30.260576905413377,29.225215486200334,8.73,0.001,248,413,504,614,906,1088,1320,1393,1453,1695,1881,2019,2221,2126,2580,2522,2735,2986,3163,3421,3435,3612,3812,3881
475,0.8409276459479615,0.8487459232681586,30.262592815649178,28.967468957651445,8.74,0.001,249,413,505,615,907,1088,1321,1392,1453,1695,1880,2019,2221,2126,2580,2522,2735,2986,3163,3421,3435,3612,3812,3880
476,0.8413542954274451,0.8468010784770412,30.221980461699456,29.153106618133876,8.76,0.001,249,413,505,615,907,1089,1322,1392,1453,1696,1880,2019,2221,2125,2579,2522,2734,2986,3163,3421,3435,3612,3812,3880
477,0.841823977946247,0.8487418260783449,30.177209968200238,28.967859807991836,8.78,0.001,249,413,505,615,908,1089,1323,1391,1454,1696,1880,2019,2221,2125,2578,2521,2734,2986,3163,3421,3435,3612,3812,3880
478,0.8420263522112279,0.8482913498453087,30.157899485328674,29.010964261176863,8.8,0.001,249,414,505,615,908,1089,1324,1391,1454,1697,1880,2019,2221,2125,2577,2521,2734,2986,3163,3421,3435,3612,3812,3880
479,0.8418994831086581,0.8473779769054295,30.170006779615267,29.098163601849517,8.82,0.001,249,414,506,616,909,1089,1324,1390,1454,1697,1880,2019,2221,2125,2576,2520,2733,2986,3164,3421,3435,3612,3812,3879
480,0.8416787767669028,0.8487361292134501,30.191058278901057,28.968405514739782,8.83,0.001,250,414,506,616,909,1089,1325,1390,1454,1698,1880,2020,2019,2221,2125,2576,2520,2733,2986,3164,3421,3435,3612,3812,3879
481,0.8416462553492523,0.8468680075818165,30.194158289712576,29.146736121948543,8.85,0.001,250,414,506,616,910,1090,1326,1390,1455,1698,1880,2019,2221,2124,2575,2519,2732,2986,3164,3421,3435,3612,3812,3879
482,0.8418271139594036,0.84910281985651,30.176912650715384,28.933271787141422,8.87,0.001,250,414,506,616,910,1090,1327,1390,1455,1699,1880,2019,2220,2124,2574,2519,2732,2986,3164,3421,3435,3612,3812,3878
483,0.8421493353002554,0.8480183078135591,30.14615784008853,29.037058336476466,8.89,0.001,250,414,506,616,910,1090,1328,1390,1455,1700,1880,2019,2220,2124,2573,2519,2732,2986,3164,3421,3435,3612,3812,3878
484,0.8423499654824624,0.8486860332397567,30.126994593265625,28.97320265638524,8.91,0.001,250,414,507,617,911,1090,1328,1390,1455,1700,1880,2019,2220,2124,2572,2518,2731,2986,3164,3421,3435,3612,3812,3878
485,0.8423482733678405,0.84875068760236,30.12715464124257,28.96701067627675,8.92,0.001,251,414,507,617,911,1091,1329,1390,1455,1701,1880,2019,2220,2124,2572,2518,2731,2986,3164,3421,3435,3612,3812,3878
486,0.8422506584516758,0.8475739807281875,30.136481538680822,29.07947358002559,8.94,0.001,251,414,507,617,912,1091,1330,1390,1456,1701,1881,2019,2220,2124,2571,2517,2730,2986,3164,3421,3435,3612,3812,3877
487,0.8421844601640069,0.8490590203177399,30.14280484762543,28.937471525701433,8.96,0.001,251,414,507,617,912,1091,1331,1390,1456,1702,1880,2019,2220,2124,2570,2517,2730,2986,3164,3421,3435,3612,3812,3877
488,0.8422728477991299,0.8477117904683273,30.13436199671761,29.066324093167722,8.98,0.001,251,414,507,618,913,1092,1332,1390,1456,1702,1881,2019,2220,2123,2569,2517,2729,2985,3164,3421,3435,3612,3812,3877
489,0.8424397502826795,0.8493661041335014,30.118413561295334,28.908020427202054,9.0,0.001,251,414,508,618,913,1092,1333,1390,1456,1703,1880,2019,2220,2123,2568,2516,2729,2985,3164,3421,3435,3612,3812,3877
490,0.8426296898810534,0.848628050201806,30.100253629407966,28.978753034618418,9.01,0.001,252,414,508,618,914,1092,1333,1390,1456,1703,1880,2019,2220,2123,2567,2516,2729,2985,3164,3421,3435,3612,3812,3876
491,0.8427358461741286,0.8488810182664898,30.090101106016785,28.95452788526509,9.03,0.001,252,415,508,618,914,1092,1334,1390,1457,1704,1880,2019,2220,2123,2566,2515,2728,2985,3164,3421,3435,3612,3812,3876
492,0.8427468736922324,0.8490377560851986,30.08904529845798,28.939508949231605,9.05,0.001,252,415,508,619,915,1093,1335,1390,1457,1704,1880,2019,2219,2123,2565,2515,2728,2985,3164,3421,3435,3612,3812,3876
493,0.8427197015166183,0.84818938600242,30.091645702973462,29.020710883027142,9.07,0.001,252,415,509,619,915,1093,1336,1390,1457,1705,1880,2019,2219,2123,2564,2515,2727,2985,3165,3421,3435,3612,3812,3876
494,0.8427042232415097,0.8494017221721989,30.093124303918557,28.904601937815954,9.09,0.001,252,415,509,619,916,1093,1337,1390,1457,1705,1880,2019,2219,2123,2563,2514,2727,2985,3165,3421,3435,3612,3812,3875
495,0.8427591458659649,0.8483229427951793,30.08787078311988,29.00794400555971,9.1,0.001,252,415,509,619,916,1094,1337,1390,1458,1706,1880,2019,2219,2123,2562,2514,2726,2985,3165,3421,3435,3612,3812,3875
496,0.8428609361759125,0.84962179402956,30.078130073051522,28.883474980568472,9.12,0.001,253,415,509,619,917,1094,1338,1390,1458,1707,1880,2019,2219,2123,2561,2513,2726,2985,3165,3421,3435,3612,3812,3875
497,0.8430047255914965,0.8487835278550341,30.06436779540691,28.96386572227756,9.14,0.001,253,415,509,620,917,1094,1339,1390,1458,1707,1880,2019,2219,2123,2560,2513,2726,2985,3165,3421,3435,3612,3812,3874
498,0.8431143984080871,0.8492438302889659,30.053862982581478,28.919749803740306,9.16,0.001,253,415,510,620,917,1094,1340,1390,1458,1708,1880,2019,2219,2123,2559,2513,2725,2985,3165,3421,3435,3612,3812,3874
499,0.843176388095709,0.8491421406494161,30.04792619553542,28.92950289402347,9.18,0.001,253,415,510,620,918,1095,1341,1391,1459,1708,1880,2019,2219,2123,2558,2512,2725,2985,3165,3421,3435,3612,3812,3874
